# unix_time, cycles_done, cur_path, paths_total, pending_total, pending_favs, map_size, unique_crashes, unique_hangs, max_depth, execs_per_sec
1539303391, 0, 0, 6, 6, 5, 1.74%, 0, 0, 1, 2285.71
1539303396, 0, 0, 86, 86, 5, 1.93%, 0, 0, 2, 2456.44
1539303401, 0, 0, 316, 316, 5, 2.08%, 0, 0, 2, 2749.29
1539303406, 0, 0, 354, 354, 5, 2.10%, 0, 0, 2, 2714.70
1539303412, 0, 19, 354, 353, 66, 2.10%, 0, 0, 2, 2557.35
1539303417, 0, 26, 355, 353, 65, 2.10%, 0, 0, 3, 2591.36
1539303422, 0, 26, 366, 364, 65, 2.10%, 0, 0, 3, 2838.92
1539303427, 0, 26, 375, 373, 65, 2.11%, 0, 0, 3, 2850.56
1539303432, 0, 39, 378, 375, 72, 2.11%, 0, 0, 3, 2931.94
1539303437, 0, 55, 378, 374, 71, 2.11%, 0, 0, 3, 2755.13
1539303442, 0, 55, 385, 381, 71, 2.11%, 0, 0, 3, 2856.82
1539303447, 0, 55, 391, 387, 71, 2.12%, 0, 0, 3, 2979.68
1539303452, 0, 62, 391, 386, 71, 2.12%, 0, 0, 3, 2839.86
1539303457, 0, 66, 391, 385, 70, 2.12%, 0, 0, 3, 2731.82
1539303462, 0, 72, 392, 385, 67, 2.12%, 0, 0, 3, 2667.14
1539303467, 0, 75, 392, 384, 66, 2.12%, 0, 0, 3, 2731.71
1539303472, 0, 87, 392, 383, 65, 2.12%, 0, 0, 3, 2877.69
1539303477, 0, 91, 392, 382, 64, 2.12%, 0, 0, 3, 2785.96
1539303483, 0, 101, 392, 381, 63, 2.12%, 0, 0, 3, 2708.28
1539303488, 0, 103, 392, 380, 62, 2.12%, 0, 0, 3, 2812.74
1539303493, 0, 130, 392, 379, 61, 2.12%, 0, 0, 3, 2854.76
1539303498, 0, 141, 392, 378, 60, 2.12%, 0, 0, 3, 2769.25
1539303503, 0, 150, 392, 376, 58, 2.12%, 0, 0, 3, 3066.28
1539303508, 0, 161, 392, 375, 57, 2.12%, 0, 0, 3, 3133.46
1539303513, 0, 165, 392, 374, 56, 2.12%, 0, 0, 3, 3039.53
1539303518, 0, 167, 394, 375, 56, 2.12%, 0, 0, 3, 3040.56
1539303523, 0, 174, 394, 374, 55, 2.12%, 0, 0, 3, 2826.53
1539303529, 0, 175, 395, 374, 55, 2.12%, 0, 0, 3, 2974.17
1539303534, 0, 212, 395, 373, 54, 2.12%, 0, 0, 3, 2783.55
1539303539, 0, 214, 395, 372, 53, 2.12%, 0, 0, 3, 2795.18
1539303544, 0, 214, 406, 383, 53, 2.12%, 0, 0, 3, 2884.28
1539303549, 0, 214, 410, 387, 53, 2.13%, 0, 0, 3, 2989.28
1539303554, 0, 216, 415, 391, 53, 2.13%, 0, 0, 3, 2885.81
1539303559, 0, 227, 415, 390, 52, 2.13%, 0, 0, 3, 2778.78
1539303564, 0, 233, 415, 389, 51, 2.13%, 0, 0, 3, 2766.94
1539303569, 0, 239, 415, 388, 50, 2.13%, 0, 0, 3, 2825.58
1539303574, 0, 239, 422, 395, 50, 2.14%, 0, 0, 3, 2897.65
1539303579, 0, 239, 430, 403, 50, 2.14%, 0, 0, 3, 2926.44
1539303584, 0, 251, 434, 406, 54, 2.14%, 0, 0, 3, 2804.03
1539303589, 0, 262, 434, 405, 53, 2.14%, 0, 0, 3, 2608.23
1539303594, 0, 269, 434, 404, 52, 2.14%, 0, 0, 3, 2770.66
1539303605, 0, 274, 434, 403, 51, 2.14%, 0, 0, 3, 2560.99
1539303610, 0, 277, 434, 402, 50, 2.14%, 0, 0, 3, 2502.83
1539303615, 0, 278, 434, 401, 49, 2.14%, 0, 0, 3, 2643.42
1539303620, 0, 279, 434, 400, 48, 2.14%, 0, 0, 3, 2692.44
1539303625, 0, 296, 434, 399, 47, 2.14%, 0, 0, 3, 2641.54
1539303630, 0, 298, 434, 398, 46, 2.14%, 0, 0, 3, 2691.89
1539303640, 0, 300, 434, 397, 45, 2.14%, 0, 0, 3, 2435.52
1539303645, 0, 301, 435, 397, 44, 2.14%, 0, 0, 3, 2546.87
1539303650, 0, 313, 435, 396, 43, 2.14%, 0, 0, 3, 2775.68
1539303655, 0, 314, 436, 396, 43, 2.15%, 0, 0, 3, 2704.96
1539303660, 0, 314, 437, 397, 43, 2.15%, 0, 0, 3, 2551.56
1539303666, 0, 315, 441, 400, 43, 2.15%, 0, 0, 3, 2792.43
1539303671, 0, 318, 441, 399, 44, 2.15%, 0, 0, 3, 2727.47
1539303676, 0, 319, 441, 398, 43, 2.15%, 0, 0, 3, 2947.12
1539303681, 0, 328, 441, 397, 42, 2.15%, 0, 0, 3, 2758.33
1539303686, 0, 332, 441, 396, 41, 2.15%, 0, 0, 3, 2573.98
1539303696, 0, 335, 441, 395, 40, 2.15%, 0, 0, 3, 2575.53
1539303701, 0, 336, 441, 394, 39, 2.15%, 0, 0, 3, 2544.30
1539303711, 0, 341, 441, 392, 37, 2.15%, 0, 0, 3, 2901.02
1539303721, 0, 344, 441, 391, 36, 2.15%, 0, 0, 3, 2703.65
1539303726, 0, 346, 441, 390, 35, 2.15%, 0, 0, 3, 2692.57
1539303731, 0, 347, 441, 389, 34, 2.15%, 0, 0, 3, 2695.70
1539303736, 0, 351, 442, 389, 34, 2.15%, 0, 0, 3, 2723.28
1539303741, 0, 357, 442, 388, 33, 2.15%, 0, 0, 3, 2612.31
1539303746, 0, 361, 443, 388, 33, 2.16%, 0, 0, 4, 2609.54
1539303757, 0, 362, 443, 387, 31, 2.16%, 0, 0, 4, 2524.06
1539303762, 0, 367, 443, 386, 30, 2.16%, 0, 0, 4, 2563.95
1539303767, 0, 370, 446, 388, 29, 2.16%, 0, 0, 4, 2650.77
1539303777, 0, 375, 446, 387, 28, 2.16%, 0, 0, 4, 2396.92
1539303782, 0, 377, 446, 386, 27, 2.16%, 0, 0, 4, 2506.99
1539303792, 0, 381, 446, 385, 26, 2.16%, 0, 0, 4, 2580.87
1539303797, 0, 383, 446, 384, 25, 2.16%, 0, 0, 4, 2811.95
1539303802, 0, 386, 446, 383, 24, 2.16%, 0, 0, 4, 2675.93
1539303807, 0, 388, 446, 382, 23, 2.16%, 0, 0, 4, 2640.41
1539303812, 0, 392, 447, 382, 23, 2.16%, 0, 0, 4, 2599.50
1539303817, 0, 394, 447, 381, 22, 2.16%, 0, 0, 4, 2571.87
1539303828, 0, 402, 448, 381, 22, 2.16%, 0, 0, 4, 2434.35
1539303833, 0, 405, 448, 380, 21, 2.16%, 0, 0, 4, 2480.95
1539303838, 0, 406, 448, 379, 20, 2.16%, 0, 0, 4, 2464.15
1539303843, 0, 411, 448, 378, 20, 2.16%, 0, 0, 4, 2477.71
1539303848, 0, 416, 448, 377, 19, 2.16%, 0, 0, 4, 2618.19
1539303853, 0, 416, 450, 379, 19, 2.17%, 0, 0, 4, 2586.38
1539303858, 0, 419, 452, 380, 19, 2.17%, 0, 0, 4, 2586.82
1539303868, 0, 423, 453, 380, 18, 2.17%, 0, 0, 4, 2530.30
1539303878, 0, 425, 453, 379, 17, 2.17%, 0, 0, 4, 2544.12
1539303883, 0, 426, 453, 378, 16, 2.17%, 0, 0, 4, 2614.38
1539303893, 0, 428, 453, 377, 15, 2.17%, 0, 0, 4, 2522.45
1539303904, 0, 430, 453, 376, 14, 2.17%, 0, 0, 4, 2484.47
1539303909, 0, 436, 453, 375, 13, 2.17%, 0, 0, 4, 2467.09
1539303919, 0, 437, 453, 374, 12, 2.17%, 0, 0, 4, 2617.53
1539303924, 0, 439, 454, 374, 11, 2.17%, 0, 0, 4, 2704.50
1539303929, 0, 441, 454, 373, 10, 2.17%, 0, 0, 4, 2700.24
1539303939, 0, 442, 454, 372, 9, 2.17%, 0, 0, 4, 2547.44
1539303944, 0, 443, 454, 371, 8, 2.17%, 0, 0, 4, 2614.41
1539303949, 0, 446, 454, 370, 7, 2.17%, 0, 0, 4, 2767.91
1539303959, 0, 447, 454, 369, 6, 2.17%, 0, 0, 4, 2600.66
1539303964, 0, 449, 454, 368, 5, 2.17%, 0, 0, 4, 2616.36
1539303974, 0, 450, 454, 367, 4, 2.17%, 0, 0, 4, 2564.56
1539303985, 0, 453, 454, 366, 3, 2.17%, 0, 0, 4, 2620.55
1539303990, 1, 21, 454, 365, 2, 2.17%, 0, 0, 4, 2791.53
