# unix_time, cycles_done, cur_path, paths_total, pending_total, pending_favs, map_size, unique_crashes, unique_hangs, max_depth, execs_per_sec
1539310030, 0, 0, 6, 6, 6, 1.19%, 0, 0, 1, 2526.32
1539310035, 0, 0, 116, 116, 6, 1.31%, 0, 0, 2, 3001.34
1539310040, 0, 0, 201, 201, 6, 1.39%, 0, 0, 2, 3005.46
1539310045, 0, 0, 216, 216, 6, 1.40%, 0, 0, 2, 3138.56
1539310050, 0, 44, 218, 217, 34, 1.40%, 0, 0, 2, 3097.32
1539310055, 0, 45, 219, 217, 33, 1.40%, 0, 0, 3, 3157.81
1539310060, 0, 56, 220, 217, 32, 1.40%, 0, 0, 3, 3154.16
1539310065, 0, 64, 220, 216, 31, 1.40%, 0, 0, 3, 3145.97
1539310071, 0, 80, 221, 215, 29, 1.40%, 0, 0, 3, 3227.58
1539310076, 0, 80, 225, 219, 29, 1.40%, 0, 0, 3, 3215.71
1539310081, 0, 111, 230, 223, 27, 1.40%, 0, 0, 3, 3235.31
1539310086, 0, 116, 230, 222, 26, 1.40%, 0, 0, 3, 3136.45
1539310096, 0, 116, 243, 235, 26, 1.41%, 0, 0, 3, 3042.16
1539310101, 0, 116, 247, 239, 26, 1.41%, 0, 0, 3, 3051.25
1539310106, 0, 119, 248, 239, 27, 1.41%, 0, 0, 3, 3155.21
1539310111, 0, 120, 249, 239, 28, 1.42%, 0, 0, 3, 2895.17
1539310116, 0, 122, 249, 238, 27, 1.42%, 0, 0, 3, 3005.68
1539310121, 0, 131, 249, 237, 26, 1.42%, 0, 0, 3, 3039.79
1539310126, 0, 131, 253, 241, 26, 1.42%, 0, 0, 3, 3040.34
1539310132, 0, 131, 263, 251, 26, 1.44%, 0, 0, 3, 3056.63
1539310137, 0, 134, 265, 252, 29, 1.45%, 0, 0, 3, 3074.76
1539310142, 0, 136, 265, 251, 28, 1.45%, 0, 0, 3, 2944.51
1539310152, 0, 152, 267, 252, 27, 1.45%, 0, 0, 3, 2838.52
1539310157, 0, 155, 267, 251, 26, 1.45%, 0, 0, 3, 2905.19
1539310167, 0, 157, 267, 250, 26, 1.45%, 0, 0, 3, 2933.81
1539310172, 0, 162, 267, 249, 25, 1.45%, 0, 0, 3, 2909.40
1539310182, 0, 172, 268, 249, 24, 1.45%, 0, 0, 3, 3050.81
1539310187, 0, 188, 268, 248, 23, 1.45%, 0, 0, 3, 2792.03
1539310192, 0, 190, 269, 248, 22, 1.45%, 0, 0, 3, 2900.11
1539310197, 0, 192, 269, 247, 21, 1.45%, 0, 0, 3, 3112.02
1539310203, 0, 193, 269, 246, 21, 1.45%, 0, 0, 3, 3168.98
1539310208, 0, 199, 270, 246, 20, 1.49%, 0, 0, 3, 3059.94
1539310213, 0, 199, 273, 249, 20, 1.50%, 0, 0, 3, 3036.76
1539310218, 0, 199, 280, 256, 20, 1.51%, 0, 0, 3, 2951.35
1539310223, 0, 199, 283, 259, 20, 1.52%, 0, 0, 3, 2985.07
1539310228, 0, 205, 285, 260, 31, 1.53%, 0, 0, 3, 2838.06
1539310233, 0, 205, 291, 266, 31, 1.54%, 0, 0, 3, 2853.68
1539310238, 0, 205, 300, 275, 31, 1.54%, 0, 0, 3, 2879.09
1539310243, 0, 206, 303, 277, 32, 1.54%, 0, 0, 3, 2906.85
1539310248, 0, 210, 303, 276, 31, 1.54%, 0, 0, 3, 3061.95
1539310258, 0, 220, 303, 275, 30, 1.54%, 0, 0, 3, 2977.27
1539310263, 0, 222, 304, 275, 29, 1.54%, 0, 0, 4, 2962.40
1539310273, 0, 226, 304, 274, 28, 1.54%, 0, 0, 4, 2778.50
1539310278, 0, 226, 307, 277, 28, 1.54%, 0, 0, 4, 2806.72
1539310283, 0, 227, 308, 277, 27, 1.54%, 0, 0, 4, 2837.88
1539310293, 0, 232, 308, 276, 26, 1.54%, 0, 0, 4, 2849.97
1539310298, 0, 237, 308, 275, 25, 1.54%, 0, 0, 4, 3021.72
1539310304, 0, 242, 308, 274, 24, 1.54%, 0, 0, 4, 2988.23
1539310309, 0, 248, 308, 273, 23, 1.54%, 0, 0, 4, 2854.47
1539310319, 0, 251, 309, 273, 22, 1.57%, 0, 0, 4, 2745.89
1539310324, 0, 251, 310, 274, 22, 1.58%, 0, 0, 4, 2763.58
1539310329, 0, 251, 324, 288, 22, 1.77%, 0, 0, 4, 2850.46
1539310334, 0, 251, 336, 300, 22, 1.79%, 0, 0, 4, 2845.19
1539310339, 0, 253, 341, 304, 39, 1.80%, 0, 0, 4, 2825.72
1539310349, 0, 254, 341, 303, 38, 1.80%, 0, 0, 4, 2829.03
1539310354, 0, 258, 341, 302, 37, 1.80%, 0, 0, 4, 2756.88
1539310364, 0, 259, 341, 301, 36, 1.80%, 0, 0, 4, 2672.00
1539310375, 0, 264, 341, 300, 35, 1.80%, 0, 0, 4, 2765.33
1539310385, 0, 269, 341, 299, 34, 1.80%, 0, 0, 4, 2854.80
1539310395, 0, 270, 341, 298, 33, 1.80%, 0, 0, 4, 2822.99
1539310400, 0, 271, 341, 297, 32, 1.80%, 0, 0, 4, 2853.19
1539310410, 0, 272, 341, 296, 31, 1.80%, 0, 0, 4, 2877.24
1539310416, 0, 273, 341, 295, 30, 1.80%, 0, 0, 4, 2870.79
1539310426, 0, 274, 341, 294, 29, 1.80%, 0, 0, 4, 2934.99
1539310436, 0, 276, 341, 293, 28, 1.80%, 0, 0, 4, 2912.55
1539310441, 0, 277, 342, 293, 27, 1.80%, 0, 0, 4, 2909.60
1539310451, 0, 278, 342, 292, 27, 1.80%, 0, 0, 4, 2917.59
1539310456, 0, 279, 343, 292, 26, 1.80%, 0, 0, 4, 2868.16
1539310461, 0, 279, 345, 294, 26, 1.80%, 0, 0, 4, 2645.34
1539310471, 0, 281, 345, 293, 26, 1.80%, 0, 0, 4, 2618.70
1539310481, 0, 282, 345, 292, 25, 1.80%, 0, 0, 4, 2825.98
1539310491, 0, 283, 345, 291, 24, 1.80%, 0, 0, 4, 2810.65
1539310502, 0, 286, 347, 292, 23, 1.81%, 0, 0, 4, 2714.61
1539310507, 0, 286, 350, 295, 23, 1.81%, 0, 0, 4, 2702.08
1539310512, 0, 297, 352, 296, 24, 1.81%, 0, 0, 4, 2627.23
1539310522, 0, 309, 353, 296, 23, 1.81%, 0, 0, 5, 2813.27
1539310532, 0, 311, 360, 302, 23, 1.82%, 0, 0, 5, 2908.42
1539310537, 0, 311, 367, 309, 23, 1.84%, 0, 0, 5, 2919.97
1539310543, 0, 311, 375, 317, 23, 1.85%, 0, 0, 5, 3010.82
1539310548, 0, 316, 379, 320, 33, 1.85%, 0, 0, 5, 2938.31
1539310553, 0, 316, 384, 325, 33, 1.85%, 0, 0, 5, 2885.08
1539310558, 0, 316, 398, 339, 33, 1.86%, 0, 0, 5, 2982.18
1539310563, 0, 317, 405, 345, 33, 1.86%, 0, 0, 5, 2984.43
1539310568, 0, 317, 406, 346, 33, 1.86%, 0, 0, 5, 2984.85
1539310573, 0, 324, 407, 346, 32, 1.86%, 0, 0, 5, 2951.81
1539310578, 0, 330, 407, 345, 31, 1.86%, 0, 0, 5, 2979.11
1539310583, 0, 330, 408, 346, 31, 1.86%, 0, 0, 5, 2797.18
1539310588, 0, 341, 408, 345, 31, 1.86%, 0, 0, 5, 2823.66
1539310599, 0, 345, 409, 345, 30, 1.86%, 0, 0, 5, 2645.26
1539310614, 0, 349, 411, 346, 29, 1.86%, 0, 0, 5, 2743.24
1539310624, 0, 350, 414, 348, 28, 1.86%, 0, 0, 5, 2787.50
