# unix_time, cycles_done, cur_path, paths_total, pending_total, pending_favs, map_size, unique_crashes, unique_hangs, max_depth, execs_per_sec
1539387051, 0, 0, 1, 1, 1, 0.55%, 0, 0, 1, 2000.00
1539387056, 0, 0, 121, 121, 1, 1.88%, 13, 0, 2, 3172.88
1539387067, 0, 26, 121, 117, 24, 1.88%, 13, 0, 2, 3112.36
1539387072, 0, 43, 122, 114, 20, 1.88%, 14, 0, 3, 3178.27
1539387077, 0, 51, 122, 111, 17, 1.88%, 14, 0, 3, 3043.65
1539387082, 0, 65, 122, 109, 15, 1.88%, 14, 0, 3, 2920.43
1539387087, 0, 78, 122, 106, 11, 1.88%, 14, 0, 3, 3009.48
1539387092, 0, 101, 122, 103, 8, 1.88%, 15, 0, 3, 3062.03
1539387097, 0, 107, 122, 100, 5, 1.88%, 15, 0, 3, 3040.34
1539387102, 0, 113, 122, 98, 3, 1.88%, 15, 0, 3, 2961.11
1539387107, 1, 1, 122, 95, 0, 1.88%, 15, 0, 3, 2930.92
1539387112, 1, 31, 122, 90, 0, 1.88%, 15, 0, 3, 3237.49
1539387117, 1, 34, 122, 88, 0, 1.88%, 15, 0, 3, 3170.11
1539387122, 1, 38, 122, 85, 0, 1.88%, 15, 0, 3, 3263.51
1539387127, 1, 57, 122, 82, 0, 1.88%, 15, 0, 3, 3111.35
1539387132, 1, 69, 122, 80, 0, 1.88%, 15, 0, 3, 3053.99
1539387138, 1, 91, 122, 77, 0, 1.88%, 15, 0, 3, 3048.47
1539387143, 1, 93, 122, 75, 0, 1.88%, 15, 0, 3, 3083.24
1539387148, 1, 119, 122, 72, 0, 1.88%, 15, 0, 3, 3068.86
1539387153, 2, 19, 122, 69, 0, 1.88%, 15, 0, 3, 3071.67
1539387158, 2, 27, 122, 67, 0, 1.88%, 15, 0, 3, 3144.89
1539387163, 2, 46, 122, 65, 0, 1.88%, 15, 0, 3, 3109.21
1539387168, 2, 63, 122, 62, 0, 1.88%, 15, 0, 3, 3058.77
1539387173, 2, 72, 122, 60, 0, 1.88%, 15, 0, 3, 3017.64
1539387178, 3, 40, 122, 57, 1, 1.88%, 15, 0, 3, 3139.91
1539387183, 3, 54, 122, 55, 0, 1.88%, 16, 0, 3, 3138.60
1539387188, 3, 77, 122, 53, 0, 1.88%, 16, 0, 3, 3205.63
1539387193, 3, 95, 122, 51, 0, 1.88%, 16, 0, 3, 3103.86
1539387198, 3, 115, 122, 49, 0, 1.88%, 16, 0, 3, 3078.04
1539387203, 4, 28, 122, 46, 0, 1.88%, 16, 0, 3, 3132.14
1539387208, 4, 47, 122, 44, 0, 1.88%, 16, 0, 3, 3086.65
1539387214, 4, 79, 122, 43, 0, 1.88%, 16, 0, 3, 3053.10
1539387219, 4, 85, 123, 41, 0, 1.88%, 16, 0, 3, 3060.26
1539387224, 4, 97, 123, 40, 0, 1.88%, 16, 0, 3, 3064.23
1539387229, 4, 110, 123, 38, 0, 1.88%, 16, 0, 3, 3111.78
1539387234, 5, 30, 123, 35, 0, 1.88%, 16, 0, 3, 3105.89
1539387239, 5, 53, 123, 34, 0, 1.88%, 16, 0, 3, 3078.13
1539387244, 5, 87, 123, 32, 0, 1.88%, 16, 0, 3, 3140.88
1539387249, 5, 99, 123, 30, 0, 1.88%, 16, 0, 3, 3162.36
1539387254, 6, 7, 123, 27, 0, 1.88%, 16, 0, 3, 3208.50
1539387259, 6, 58, 123, 26, 0, 1.88%, 16, 0, 3, 3104.02
1539387264, 6, 68, 123, 24, 0, 1.88%, 16, 0, 3, 3117.64
1539387269, 6, 113, 123, 22, 0, 1.88%, 16, 0, 3, 3103.08
1539387275, 6, 122, 123, 21, 0, 1.88%, 16, 0, 3, 3100.42
1539387280, 7, 26, 123, 16, 0, 1.88%, 16, 0, 3, 3264.72
1539387285, 7, 73, 123, 16, 0, 1.88%, 16, 0, 3, 2961.75
1539387290, 7, 93, 123, 13, 0, 1.88%, 16, 0, 3, 2959.62
1539387295, 7, 108, 123, 12, 0, 1.88%, 16, 0, 3, 2937.88
1539387300, 8, 43, 123, 10, 0, 1.88%, 16, 0, 3, 3075.67
1539387305, 8, 96, 123, 10, 0, 1.88%, 16, 0, 3, 2981.29
1539387310, 8, 120, 123, 9, 0, 1.88%, 16, 0, 3, 2912.37
1539387315, 9, 73, 123, 7, 0, 1.88%, 16, 0, 3, 3022.35
1539387321, 10, 33, 123, 5, 0, 1.88%, 16, 0, 3, 3064.62
1539387326, 10, 60, 123, 4, 0, 1.88%, 16, 0, 3, 3004.05
1539387331, 11, 2, 123, 3, 0, 1.88%, 16, 0, 3, 3064.43
1539387336, 11, 99, 123, 2, 0, 1.88%, 16, 0, 3, 3106.10
1539387341, 12, 47, 123, 1, 0, 1.88%, 16, 0, 3, 3034.81
1539387347, 12, 119, 123, 1, 0, 1.88%, 16, 0, 3, 3097.21
1539387352, 13, 93, 123, 1, 0, 1.88%, 16, 0, 3, 3128.96
1539387357, 14, 59, 123, 1, 0, 1.88%, 16, 0, 3, 2974.14
1539387362, 15, 30, 123, 1, 0, 1.88%, 16, 0, 3, 3016.76
1539387367, 15, 109, 123, 1, 0, 1.88%, 16, 0, 3, 3057.64
1539387372, 16, 73, 123, 0, 0, 1.88%, 16, 0, 3, 3198.51
1539387378, 17, 49, 123, 0, 0, 1.88%, 16, 0, 3, 3103.66
1539387383, 17, 114, 123, 0, 0, 1.88%, 16, 0, 3, 3072.97
1539387388, 18, 77, 123, 0, 0, 1.88%, 16, 0, 3, 3128.84
1539387393, 19, 74, 123, 0, 0, 1.88%, 16, 0, 3, 3113.04
1539387398, 20, 50, 123, 0, 0, 1.88%, 16, 0, 3, 3079.88
1539387403, 21, 26, 123, 0, 0, 1.88%, 16, 0, 3, 3057.97
1539387409, 21, 102, 123, 0, 0, 1.88%, 16, 0, 3, 3162.24
1539387414, 22, 74, 123, 0, 0, 1.88%, 16, 0, 3, 3123.79
1539387419, 23, 49, 123, 0, 0, 1.88%, 16, 0, 3, 3158.17
1539387424, 24, 15, 123, 0, 0, 1.88%, 16, 0, 3, 3030.68
1539387429, 24, 79, 123, 0, 0, 1.88%, 16, 0, 3, 2992.04
1539387434, 25, 61, 123, 0, 0, 1.88%, 16, 0, 3, 3102.98
1539387440, 26, 47, 123, 0, 0, 1.88%, 16, 0, 3, 3045.81
1539387445, 26, 115, 123, 0, 0, 1.88%, 16, 0, 3, 3032.79
1539387450, 27, 94, 123, 0, 0, 1.88%, 16, 0, 3, 3105.15
1539387455, 28, 65, 123, 0, 0, 1.88%, 16, 0, 3, 3099.95
1539387460, 29, 50, 123, 0, 0, 1.88%, 16, 0, 3, 3197.01
1539387465, 29, 116, 123, 0, 0, 1.88%, 16, 0, 3, 3217.49
1539387470, 30, 107, 123, 0, 0, 1.88%, 16, 0, 3, 3144.71
1539387476, 31, 77, 123, 0, 0, 1.88%, 16, 0, 3, 3101.39
1539387481, 32, 61, 123, 0, 0, 1.88%, 16, 0, 3, 3197.17
1539387486, 33, 43, 123, 0, 0, 1.88%, 16, 0, 3, 3223.73
1539387491, 34, 26, 123, 0, 0, 1.88%, 16, 0, 3, 3181.71
1539387496, 34, 101, 123, 0, 0, 1.88%, 16, 0, 3, 3145.08
1539387502, 35, 94, 123, 0, 0, 1.88%, 16, 0, 3, 3220.06
1539387507, 36, 65, 123, 0, 0, 1.88%, 16, 0, 3, 3076.70
1539387512, 37, 47, 123, 0, 0, 1.88%, 16, 0, 3, 3204.43
1539387517, 38, 5, 123, 0, 0, 1.88%, 16, 0, 3, 3208.59
1539387522, 38, 101, 123, 0, 0, 1.88%, 16, 0, 3, 3169.31
1539387527, 39, 61, 123, 0, 0, 1.88%, 16, 0, 3, 3037.88
1539387533, 40, 42, 123, 0, 0, 1.88%, 16, 0, 3, 3205.18
1539387538, 40, 114, 123, 0, 0, 1.88%, 16, 0, 3, 3148.70
1539387543, 41, 94, 123, 0, 0, 1.88%, 16, 0, 3, 3014.90
1539387548, 42, 60, 123, 0, 0, 1.88%, 16, 0, 3, 3105.62
1539387553, 43, 29, 123, 0, 0, 1.88%, 16, 0, 3, 3143.30
1539387558, 43, 109, 123, 0, 0, 1.88%, 16, 0, 3, 3176.96
1539387563, 44, 74, 123, 0, 0, 1.88%, 16, 0, 3, 2992.30
1539387569, 45, 59, 123, 0, 0, 1.88%, 16, 0, 3, 3080.35
1539387574, 46, 29, 123, 0, 0, 1.88%, 16, 0, 3, 3065.96
1539387579, 46, 109, 123, 0, 0, 1.88%, 16, 0, 3, 3170.12
1539387584, 47, 89, 123, 0, 0, 1.88%, 16, 0, 3, 3164.41
1539387589, 48, 65, 123, 0, 0, 1.88%, 16, 0, 3, 3200.10
1539387594, 49, 31, 123, 0, 0, 1.88%, 16, 0, 3, 3177.76
1539387600, 49, 99, 123, 0, 0, 1.88%, 16, 0, 3, 3217.59
1539387605, 50, 71, 123, 0, 0, 1.88%, 16, 0, 3, 3228.33
1539387610, 51, 47, 123, 0, 0, 1.88%, 16, 0, 3, 3236.76
1539387615, 51, 115, 123, 0, 0, 1.88%, 16, 0, 3, 3233.89
1539387620, 52, 101, 123, 0, 0, 1.88%, 16, 0, 3, 3210.87
1539387625, 53, 73, 123, 0, 0, 1.88%, 16, 0, 3, 3006.87
1539387630, 54, 46, 123, 0, 0, 1.88%, 16, 0, 3, 3066.79
1539387636, 54, 114, 123, 0, 0, 1.88%, 16, 0, 3, 3157.47
1539387641, 55, 99, 123, 0, 0, 1.88%, 16, 0, 3, 3121.38
1539387646, 56, 74, 123, 0, 0, 1.88%, 16, 0, 3, 3172.90
1539387651, 57, 47, 123, 0, 0, 1.88%, 16, 0, 3, 3200.47
