# unix_time, cycles_done, cur_path, paths_total, pending_total, pending_favs, map_size, unique_crashes, unique_hangs, max_depth, execs_per_sec
1539297354, 0, 0, 6, 6, 6, 1.19%, 0, 0, 1, 2666.67
1539297359, 0, 0, 99, 99, 6, 1.31%, 0, 0, 2, 2982.80
1539297364, 0, 0, 207, 207, 6, 1.39%, 0, 0, 2, 3050.29
1539297369, 0, 0, 227, 227, 6, 1.40%, 0, 0, 2, 2814.11
1539297375, 0, 9, 228, 227, 33, 1.40%, 0, 0, 2, 2995.18
1539297380, 0, 17, 229, 227, 32, 1.40%, 0, 0, 3, 3066.93
1539297385, 0, 56, 229, 226, 31, 1.40%, 0, 0, 3, 3100.35
1539297390, 0, 64, 230, 226, 30, 1.40%, 0, 0, 3, 3101.56
1539297395, 0, 101, 231, 225, 28, 1.40%, 0, 0, 3, 3223.75
1539297400, 0, 105, 234, 227, 28, 1.40%, 0, 0, 3, 3033.03
1539297405, 0, 107, 234, 226, 27, 1.40%, 0, 0, 3, 2982.24
1539297410, 0, 110, 234, 225, 26, 1.40%, 0, 0, 3, 3073.68
1539297415, 0, 112, 234, 224, 25, 1.40%, 0, 0, 3, 3037.37
1539297420, 0, 118, 234, 223, 25, 1.40%, 0, 0, 3, 3154.61
1539297426, 0, 119, 234, 222, 24, 1.40%, 0, 0, 3, 2738.92
1539297431, 0, 119, 237, 225, 24, 1.40%, 0, 0, 3, 2780.03
1539297436, 0, 119, 242, 230, 24, 1.42%, 0, 0, 3, 2871.91
1539297441, 0, 119, 243, 231, 24, 1.42%, 0, 0, 3, 2840.32
1539297446, 0, 120, 244, 231, 23, 1.42%, 0, 0, 3, 2580.56
1539297451, 0, 121, 245, 231, 22, 1.42%, 0, 0, 3, 2890.24
1539297456, 0, 135, 245, 230, 21, 1.42%, 0, 0, 3, 2999.55
1539297466, 0, 138, 245, 229, 20, 1.42%, 0, 0, 3, 2913.77
1539297471, 0, 141, 245, 228, 19, 1.42%, 0, 0, 3, 2979.23
1539297477, 0, 144, 245, 227, 18, 1.42%, 0, 0, 3, 2987.97
1539297482, 0, 144, 251, 233, 18, 1.42%, 0, 0, 3, 2916.95
1539297487, 0, 144, 254, 236, 18, 1.42%, 0, 0, 3, 3042.65
1539297492, 0, 148, 255, 236, 18, 1.42%, 0, 0, 3, 2998.74
1539297497, 0, 148, 259, 240, 18, 1.43%, 0, 0, 3, 3004.36
1539297502, 0, 148, 261, 242, 18, 1.44%, 0, 0, 3, 3013.23
1539297507, 0, 151, 262, 242, 21, 1.44%, 0, 0, 3, 2921.77
1539297512, 0, 154, 262, 241, 20, 1.44%, 0, 0, 3, 2805.77
1539297522, 0, 161, 262, 240, 19, 1.44%, 0, 0, 3, 2767.68
1539297527, 0, 164, 262, 239, 18, 1.44%, 0, 0, 3, 2849.72
1539297533, 0, 165, 262, 238, 17, 1.44%, 0, 0, 3, 2904.99
1539297538, 0, 169, 262, 237, 16, 1.44%, 0, 0, 3, 2871.82
1539297548, 0, 176, 262, 236, 15, 1.44%, 0, 0, 3, 2955.69
1539297553, 0, 192, 262, 235, 14, 1.44%, 0, 0, 3, 3006.30
1539297558, 0, 195, 268, 240, 13, 1.46%, 0, 0, 3, 2710.67
1539297563, 0, 195, 275, 247, 13, 1.49%, 0, 0, 3, 2759.26
1539297568, 0, 195, 289, 261, 13, 1.55%, 0, 0, 3, 2687.01
1539297573, 0, 195, 298, 270, 13, 1.56%, 0, 0, 3, 2767.27
1539297578, 0, 216, 299, 270, 28, 1.56%, 0, 0, 3, 2867.40
1539297583, 0, 217, 300, 270, 27, 1.56%, 0, 0, 3, 2951.19
1539297588, 0, 232, 300, 269, 26, 1.56%, 0, 0, 3, 3010.61
1539297593, 0, 235, 301, 269, 25, 1.58%, 0, 0, 4, 2962.51
1539297604, 0, 235, 307, 275, 25, 1.59%, 0, 0, 4, 2953.63
1539297609, 0, 235, 314, 282, 25, 1.60%, 0, 0, 4, 2976.44
1539297614, 0, 241, 315, 282, 36, 1.60%, 0, 0, 4, 2756.02
1539297624, 0, 248, 315, 281, 35, 1.60%, 0, 0, 4, 2868.76
1539297629, 0, 253, 315, 280, 34, 1.60%, 0, 0, 4, 2861.95
1539297634, 0, 257, 316, 280, 33, 1.60%, 0, 0, 4, 2716.76
1539297644, 0, 260, 317, 280, 31, 1.61%, 0, 0, 4, 2651.20
1539297654, 0, 261, 317, 279, 31, 1.61%, 0, 0, 4, 2720.09
1539297659, 0, 265, 318, 279, 30, 1.61%, 0, 0, 4, 2665.06
1539297669, 0, 266, 320, 280, 30, 1.61%, 0, 0, 4, 2666.74
1539297679, 0, 267, 322, 281, 30, 1.61%, 0, 0, 4, 2559.48
1539297689, 0, 270, 325, 283, 29, 1.61%, 0, 0, 4, 2606.17
1539297700, 0, 271, 325, 282, 28, 1.61%, 0, 0, 4, 2597.39
1539297705, 0, 273, 325, 281, 27, 1.61%, 0, 0, 4, 2658.37
1539297715, 0, 273, 330, 286, 27, 1.64%, 0, 0, 4, 2739.07
1539297720, 0, 274, 330, 285, 28, 1.64%, 0, 0, 4, 2718.42
1539297730, 0, 275, 330, 284, 27, 1.64%, 0, 0, 4, 2900.60
1539297735, 0, 281, 331, 284, 26, 1.64%, 0, 0, 4, 2674.90
1539297745, 0, 284, 332, 284, 25, 1.64%, 0, 0, 4, 2693.17
1539297755, 0, 285, 332, 283, 24, 1.64%, 0, 0, 4, 2566.55
1539297760, 0, 285, 334, 285, 24, 1.64%, 0, 0, 4, 2681.24
1539297765, 0, 286, 334, 284, 23, 1.64%, 0, 0, 4, 2795.45
1539297770, 0, 287, 336, 285, 22, 1.64%, 0, 0, 4, 2677.18
1539297780, 0, 288, 336, 284, 21, 1.64%, 0, 0, 4, 2710.98
1539297791, 0, 297, 336, 283, 20, 1.64%, 0, 0, 4, 2685.60
1539297796, 0, 300, 339, 285, 19, 1.64%, 0, 0, 5, 2769.29
1539297801, 0, 300, 340, 286, 19, 1.64%, 0, 0, 5, 2836.88
1539297806, 0, 303, 341, 286, 19, 1.64%, 0, 0, 5, 2850.38
1539297816, 0, 305, 342, 286, 18, 1.64%, 0, 0, 5, 2888.07
1539297821, 0, 306, 343, 286, 18, 1.65%, 0, 0, 5, 2851.83
1539297826, 0, 306, 345, 288, 18, 1.65%, 0, 0, 5, 2870.41
1539297831, 0, 307, 346, 288, 21, 1.65%, 0, 0, 5, 2926.16
1539297836, 0, 308, 347, 288, 20, 1.65%, 0, 0, 5, 2778.77
1539297846, 0, 308, 350, 291, 20, 1.65%, 0, 0, 5, 2634.78
1539297851, 0, 308, 352, 293, 20, 1.66%, 0, 0, 5, 2607.56
1539297856, 0, 312, 353, 293, 20, 1.66%, 0, 0, 5, 2728.01
1539297866, 0, 314, 355, 294, 19, 1.66%, 0, 0, 5, 2735.49
1539297871, 0, 314, 358, 297, 19, 1.66%, 0, 0, 5, 2699.64
1539297876, 0, 317, 360, 298, 20, 1.66%, 0, 0, 5, 2708.58
1539297881, 0, 319, 360, 297, 19, 1.66%, 0, 0, 5, 2627.97
1539297891, 0, 320, 360, 296, 18, 1.66%, 0, 0, 5, 2612.57
1539297902, 0, 325, 362, 297, 17, 1.66%, 0, 0, 5, 2259.71
1539297912, 0, 327, 364, 298, 16, 1.66%, 0, 0, 5, 2679.56
1539297917, 0, 337, 364, 297, 15, 1.66%, 0, 0, 5, 2639.69
1539297927, 0, 338, 365, 297, 14, 1.66%, 0, 0, 6, 2855.50
1539297937, 0, 339, 365, 296, 13, 1.66%, 0, 0, 6, 2812.70
1539297942, 0, 342, 368, 298, 12, 1.67%, 0, 0, 6, 2679.95
1539297952, 0, 343, 368, 297, 14, 1.67%, 0, 0, 6, 2739.86
