# unix_time, cycles_done, cur_path, paths_total, pending_total, pending_favs, map_size, unique_crashes, unique_hangs, max_depth, execs_per_sec
1539319688, 0, 0, 6, 6, 5, 1.74%, 0, 0, 1, 2666.67
1539319693, 0, 0, 88, 88, 5, 1.93%, 0, 0, 2, 2705.85
1539319698, 0, 0, 316, 316, 5, 2.10%, 0, 0, 2, 2894.32
1539319703, 0, 16, 340, 339, 65, 2.11%, 1, 0, 2, 2916.14
1539319708, 0, 21, 341, 339, 64, 2.11%, 1, 0, 3, 3026.30
1539319713, 0, 21, 343, 341, 64, 2.11%, 1, 0, 3, 2861.29
1539319718, 0, 21, 359, 357, 64, 2.12%, 1, 0, 3, 2865.75
1539319723, 0, 21, 370, 368, 64, 2.13%, 2, 0, 3, 2874.06
1539319728, 0, 24, 371, 368, 71, 2.13%, 2, 0, 3, 2825.69
1539319733, 0, 27, 371, 367, 70, 2.13%, 2, 0, 3, 2639.77
1539319739, 0, 63, 371, 366, 69, 2.13%, 2, 0, 3, 2626.91
1539319744, 0, 67, 371, 365, 68, 2.13%, 2, 0, 3, 2646.89
1539319749, 0, 76, 371, 364, 67, 2.13%, 2, 0, 3, 2823.11
1539319754, 0, 79, 371, 363, 66, 2.13%, 2, 0, 3, 3002.87
1539319759, 0, 79, 379, 371, 66, 2.13%, 2, 0, 3, 2988.42
1539319764, 0, 79, 388, 380, 66, 2.14%, 2, 0, 3, 3019.22
1539319769, 0, 88, 390, 381, 68, 2.14%, 2, 0, 3, 2866.13
1539319774, 0, 90, 390, 380, 67, 2.14%, 2, 0, 3, 2714.64
1539319779, 0, 102, 391, 380, 66, 2.14%, 2, 0, 3, 2757.05
1539319784, 0, 106, 391, 379, 65, 2.14%, 2, 0, 3, 2995.94
1539319790, 0, 119, 391, 378, 64, 2.14%, 2, 0, 3, 2718.86
1539319795, 0, 138, 391, 377, 63, 2.14%, 2, 0, 3, 2742.39
1539319800, 0, 141, 391, 376, 62, 2.14%, 2, 0, 3, 2828.79
1539319805, 0, 149, 391, 374, 59, 2.14%, 2, 0, 3, 3095.26
1539319810, 0, 153, 392, 374, 58, 2.14%, 2, 0, 3, 2915.07
1539319815, 0, 156, 392, 373, 57, 2.14%, 2, 0, 3, 2870.73
1539319820, 0, 169, 392, 372, 56, 2.14%, 2, 0, 3, 2829.24
1539319825, 0, 173, 392, 371, 55, 2.14%, 2, 0, 3, 2896.99
1539319830, 0, 178, 392, 370, 54, 2.14%, 2, 0, 3, 2832.46
1539319835, 0, 182, 392, 369, 53, 2.14%, 2, 0, 3, 3027.40
1539319840, 0, 186, 392, 368, 52, 2.14%, 2, 0, 3, 2878.29
1539319846, 0, 188, 394, 369, 51, 2.14%, 3, 0, 3, 2846.05
1539319851, 0, 192, 394, 368, 50, 2.14%, 3, 0, 3, 2807.08
1539319856, 0, 210, 395, 368, 49, 2.14%, 3, 0, 3, 2681.77
1539319861, 0, 230, 395, 367, 48, 2.14%, 3, 0, 3, 2701.93
1539319866, 0, 233, 395, 366, 47, 2.14%, 3, 0, 3, 2990.45
1539319871, 0, 240, 396, 366, 46, 2.14%, 4, 0, 3, 3143.07
1539319876, 0, 241, 397, 366, 45, 2.14%, 4, 0, 3, 2849.62
1539319881, 0, 242, 397, 365, 44, 2.14%, 5, 0, 3, 2757.14
1539319886, 0, 248, 397, 364, 43, 2.14%, 5, 0, 3, 2742.35
1539319891, 0, 253, 397, 363, 42, 2.14%, 5, 0, 3, 2723.14
1539319896, 0, 255, 397, 362, 41, 2.14%, 5, 0, 3, 2971.40
1539319901, 0, 258, 398, 362, 40, 2.14%, 5, 0, 3, 2740.64
1539319906, 0, 260, 398, 361, 39, 2.14%, 5, 0, 3, 2635.05
1539319911, 0, 260, 405, 368, 39, 2.15%, 7, 0, 3, 2790.27
1539319916, 0, 260, 407, 370, 39, 2.15%, 12, 0, 3, 2852.30
1539319921, 0, 267, 410, 372, 42, 2.15%, 13, 0, 3, 2821.33
1539319927, 0, 268, 411, 372, 41, 2.15%, 13, 0, 3, 2811.20
1539319932, 0, 271, 411, 371, 40, 2.15%, 13, 0, 3, 2658.87
1539319937, 0, 271, 413, 373, 40, 2.15%, 13, 0, 3, 2495.93
1539319942, 0, 271, 418, 378, 40, 2.15%, 13, 0, 3, 2701.96
1539319947, 0, 271, 420, 380, 40, 2.15%, 16, 0, 3, 2751.70
1539319952, 0, 276, 420, 379, 39, 2.15%, 16, 0, 3, 2682.69
1539319957, 0, 282, 420, 378, 38, 2.15%, 16, 0, 3, 2577.19
1539319962, 0, 285, 420, 377, 37, 2.15%, 16, 0, 3, 2481.79
1539319972, 0, 296, 423, 379, 36, 2.16%, 16, 0, 3, 2513.64
1539319977, 0, 302, 424, 379, 36, 2.16%, 17, 0, 3, 2671.83
1539319982, 0, 310, 424, 378, 37, 2.16%, 17, 0, 3, 2842.95
1539319988, 0, 319, 424, 377, 36, 2.16%, 17, 0, 3, 2766.59
1539319998, 0, 320, 424, 376, 35, 2.16%, 17, 0, 3, 2541.93
1539320003, 0, 323, 424, 375, 34, 2.16%, 17, 0, 3, 2499.20
1539320008, 0, 328, 424, 374, 33, 2.16%, 17, 0, 3, 2676.07
1539320013, 0, 332, 424, 373, 33, 2.16%, 17, 0, 3, 2778.78
1539320023, 0, 336, 424, 372, 32, 2.16%, 17, 0, 3, 2557.38
1539320028, 0, 343, 424, 371, 31, 2.16%, 17, 0, 3, 2582.84
1539320038, 0, 348, 426, 372, 30, 2.16%, 17, 0, 4, 2430.21
1539320043, 0, 354, 426, 371, 29, 2.16%, 17, 0, 4, 2570.74
1539320048, 0, 355, 426, 370, 28, 2.16%, 17, 0, 4, 2764.53
1539320053, 0, 357, 427, 370, 27, 2.16%, 18, 0, 4, 2807.60
1539320058, 0, 358, 427, 369, 26, 2.16%, 18, 0, 4, 2697.29
1539320069, 0, 361, 428, 369, 25, 2.16%, 18, 0, 4, 2586.42
1539320074, 0, 361, 434, 375, 25, 2.16%, 19, 0, 4, 2749.63
1539320079, 0, 361, 441, 382, 25, 2.17%, 21, 0, 4, 2785.83
1539320084, 0, 362, 443, 383, 30, 2.17%, 21, 0, 4, 2732.45
1539320089, 0, 364, 443, 382, 29, 2.17%, 21, 0, 4, 2631.38
1539320099, 0, 365, 443, 381, 28, 2.17%, 22, 0, 4, 2509.10
1539320104, 0, 367, 443, 380, 27, 2.17%, 22, 0, 4, 2591.89
1539320109, 0, 369, 443, 379, 26, 2.17%, 22, 0, 4, 2630.60
1539320114, 0, 369, 444, 380, 26, 2.17%, 22, 0, 4, 2665.26
1539320119, 0, 371, 444, 379, 25, 2.17%, 22, 0, 4, 2778.39
1539320125, 0, 373, 444, 378, 24, 2.17%, 22, 0, 4, 2746.15
1539320130, 0, 378, 444, 377, 23, 2.17%, 22, 0, 4, 2658.44
1539320135, 0, 379, 445, 377, 23, 2.17%, 22, 0, 4, 2760.34
1539320140, 0, 381, 445, 376, 22, 2.17%, 22, 0, 4, 2709.58
1539320150, 0, 383, 445, 375, 21, 2.17%, 22, 0, 4, 2424.26
1539320155, 0, 389, 445, 374, 20, 2.17%, 22, 0, 4, 2500.57
1539320160, 0, 391, 446, 374, 19, 2.17%, 22, 0, 4, 2752.79
1539320165, 0, 398, 446, 373, 19, 2.17%, 22, 0, 4, 2715.91
1539320175, 0, 401, 446, 372, 18, 2.17%, 22, 0, 4, 2474.19
1539320180, 0, 403, 446, 371, 17, 2.17%, 22, 0, 4, 2499.05
1539320185, 0, 405, 446, 370, 16, 2.17%, 22, 0, 4, 2645.80
1539320195, 0, 406, 447, 370, 15, 2.17%, 22, 0, 4, 2506.78
1539320200, 0, 409, 447, 369, 14, 2.17%, 22, 0, 4, 2453.02
1539320210, 0, 410, 448, 369, 13, 2.17%, 22, 0, 4, 2465.07
1539320215, 0, 416, 448, 368, 13, 2.17%, 23, 0, 4, 2452.93
1539320225, 0, 419, 449, 368, 12, 2.17%, 23, 0, 4, 2595.87
1539320230, 0, 421, 449, 367, 11, 2.17%, 23, 0, 4, 2711.59
1539320236, 0, 423, 449, 366, 10, 2.17%, 23, 0, 4, 2645.32
1539320241, 0, 427, 449, 365, 9, 2.17%, 23, 0, 4, 2825.65
1539320251, 0, 429, 449, 364, 8, 2.17%, 23, 0, 4, 2587.67
1539320261, 0, 435, 449, 363, 7, 2.17%, 23, 0, 4, 2546.45
1539320266, 0, 437, 449, 362, 6, 2.17%, 23, 0, 4, 2649.72
1539320276, 0, 438, 450, 362, 5, 2.17%, 23, 0, 5, 2606.02
1539320286, 0, 444, 450, 361, 5, 2.17%, 23, 0, 5, 2588.96
