# unix_time, cycles_done, cur_path, paths_total, pending_total, pending_favs, map_size, unique_crashes, unique_hangs, max_depth, execs_per_sec
1539300977, 0, 0, 6, 6, 6, 1.19%, 0, 0, 1, 2400.00
1539300982, 0, 0, 68, 68, 6, 1.31%, 0, 0, 2, 2782.91
1539300987, 0, 0, 208, 208, 6, 1.37%, 0, 0, 2, 2895.27
1539300992, 0, 0, 217, 217, 6, 1.40%, 0, 0, 2, 2832.98
1539300997, 0, 1, 219, 218, 31, 1.40%, 0, 0, 2, 2528.71
1539301002, 0, 1, 228, 227, 31, 1.40%, 0, 0, 2, 2530.39
1539301007, 0, 1, 246, 245, 31, 1.43%, 0, 0, 2, 2622.08
1539301012, 0, 1, 252, 251, 31, 1.43%, 0, 0, 2, 2683.53
1539301017, 0, 45, 253, 251, 33, 1.43%, 0, 0, 2, 2899.14
1539301022, 0, 56, 253, 250, 32, 1.43%, 0, 0, 2, 2886.99
1539301027, 0, 81, 253, 248, 30, 1.43%, 0, 0, 2, 2937.42
1539301032, 0, 97, 253, 247, 29, 1.43%, 0, 0, 2, 2965.85
1539301037, 0, 107, 253, 246, 28, 1.43%, 0, 0, 2, 2879.50
1539301042, 0, 113, 253, 245, 27, 1.43%, 0, 0, 2, 2660.30
1539301047, 0, 117, 254, 245, 26, 1.43%, 0, 0, 3, 2529.36
1539301052, 0, 118, 254, 244, 25, 1.43%, 0, 0, 3, 2766.33
1539301063, 0, 118, 263, 253, 25, 1.43%, 0, 0, 3, 2696.68
1539301068, 0, 118, 264, 254, 25, 1.43%, 0, 0, 3, 2632.82
1539301073, 0, 123, 266, 255, 25, 1.43%, 0, 0, 3, 2718.52
1539301078, 0, 123, 268, 257, 25, 1.44%, 0, 0, 3, 2839.63
1539301083, 0, 123, 272, 261, 25, 1.45%, 0, 0, 3, 2887.82
1539301088, 0, 123, 276, 265, 25, 1.45%, 0, 0, 3, 2803.36
1539301093, 0, 133, 276, 264, 29, 1.45%, 0, 0, 3, 2840.04
1539301098, 0, 142, 276, 263, 28, 1.45%, 0, 0, 3, 2862.91
1539301103, 0, 165, 276, 262, 27, 1.45%, 0, 0, 3, 2836.23
1539301108, 0, 168, 276, 261, 26, 1.45%, 0, 0, 3, 2836.32
1539301113, 0, 169, 276, 260, 25, 1.45%, 0, 0, 3, 2772.62
1539301123, 0, 178, 276, 259, 24, 1.45%, 0, 0, 3, 2761.97
1539301128, 0, 179, 276, 258, 23, 1.45%, 0, 0, 3, 2944.99
1539301133, 0, 181, 276, 257, 22, 1.45%, 0, 0, 3, 2769.97
1539301143, 0, 195, 276, 255, 20, 1.45%, 0, 0, 3, 2884.44
1539301154, 0, 196, 276, 254, 19, 1.45%, 0, 0, 3, 2734.37
1539301159, 0, 201, 276, 253, 18, 1.45%, 0, 0, 3, 2763.79
1539301169, 0, 208, 276, 252, 17, 1.45%, 0, 0, 3, 2772.24
1539301174, 0, 211, 283, 258, 16, 1.51%, 0, 0, 3, 2745.30
1539301179, 0, 211, 285, 260, 16, 1.51%, 0, 0, 3, 2719.19
1539301184, 0, 228, 286, 260, 23, 1.52%, 0, 0, 3, 2656.05
1539301189, 0, 234, 286, 259, 23, 1.52%, 0, 0, 3, 2630.12
1539301199, 0, 240, 286, 258, 22, 1.52%, 0, 0, 3, 2552.55
1539301204, 0, 243, 286, 257, 21, 1.52%, 0, 0, 3, 2541.00
1539301214, 0, 257, 286, 256, 20, 1.52%, 0, 0, 3, 2524.80
1539301225, 0, 260, 287, 256, 19, 1.52%, 0, 0, 4, 2286.18
1539301230, 0, 261, 287, 255, 18, 1.52%, 0, 0, 4, 2394.66
1539301235, 0, 261, 289, 257, 18, 1.52%, 0, 0, 4, 2385.74
1539301240, 0, 261, 291, 259, 18, 1.53%, 0, 0, 4, 2349.91
1539301245, 0, 262, 292, 259, 21, 1.53%, 0, 0, 4, 2411.02
1539301250, 0, 266, 292, 258, 20, 1.53%, 0, 0, 4, 2535.20
1539301260, 0, 267, 294, 259, 20, 1.57%, 0, 0, 4, 2579.77
1539301265, 0, 267, 295, 260, 20, 1.58%, 0, 0, 4, 2654.37
1539301270, 0, 268, 295, 259, 21, 1.58%, 0, 0, 4, 2665.83
1539301275, 0, 268, 298, 262, 21, 1.59%, 0, 0, 4, 2656.47
1539301280, 0, 272, 298, 261, 23, 1.59%, 0, 0, 4, 2844.21
1539301285, 0, 273, 299, 261, 22, 1.59%, 0, 0, 4, 2748.72
1539301291, 0, 273, 315, 277, 22, 1.78%, 0, 0, 4, 2827.01
1539301296, 0, 273, 328, 290, 22, 1.80%, 0, 0, 4, 2743.62
1539301301, 0, 275, 332, 293, 35, 1.80%, 0, 0, 4, 2552.77
1539301311, 0, 276, 332, 292, 34, 1.80%, 0, 0, 4, 2641.74
1539301316, 0, 277, 332, 291, 33, 1.80%, 0, 0, 4, 2668.16
1539301326, 0, 278, 333, 291, 32, 1.81%, 0, 0, 4, 2689.27
1539301331, 0, 278, 336, 294, 32, 1.81%, 0, 0, 4, 2752.90
1539301336, 0, 279, 336, 293, 32, 1.81%, 0, 0, 4, 2741.68
1539301342, 0, 280, 336, 292, 31, 1.81%, 0, 0, 4, 2672.04
1539301352, 0, 281, 336, 291, 30, 1.81%, 0, 0, 4, 2721.53
1539301357, 0, 282, 336, 290, 29, 1.81%, 0, 0, 4, 2695.72
1539301362, 0, 283, 337, 290, 28, 1.81%, 0, 0, 4, 2709.09
1539301372, 0, 285, 339, 291, 27, 1.81%, 0, 0, 4, 2692.23
1539301382, 0, 287, 342, 293, 26, 1.81%, 0, 0, 5, 2548.13
1539301387, 0, 287, 344, 295, 26, 1.81%, 0, 0, 5, 2576.11
1539301392, 0, 288, 344, 294, 27, 1.81%, 0, 0, 5, 2524.52
1539301402, 0, 290, 344, 293, 26, 1.81%, 0, 0, 5, 2548.00
1539301412, 0, 292, 347, 295, 25, 1.81%, 0, 0, 5, 2533.89
1539301423, 0, 293, 352, 299, 24, 1.82%, 0, 0, 5, 2731.10
1539301428, 0, 293, 374, 321, 24, 1.83%, 0, 0, 5, 2841.54
1539301433, 0, 293, 386, 333, 24, 1.84%, 0, 0, 5, 2872.74
1539301438, 0, 294, 393, 339, 32, 1.85%, 0, 0, 5, 2819.44
1539301443, 0, 294, 395, 341, 32, 1.85%, 0, 0, 5, 2819.89
1539301448, 0, 295, 395, 340, 32, 1.85%, 0, 0, 5, 2758.54
1539301453, 0, 295, 397, 342, 32, 1.86%, 0, 0, 5, 2741.07
1539301458, 0, 296, 398, 342, 32, 1.90%, 0, 0, 5, 2749.50
1539301463, 0, 297, 398, 341, 32, 1.90%, 0, 0, 5, 2755.28
1539301473, 0, 298, 399, 341, 31, 1.90%, 0, 0, 5, 2827.17
1539301479, 0, 300, 400, 341, 30, 1.90%, 0, 0, 5, 2818.26
1539301484, 0, 300, 402, 343, 30, 1.90%, 0, 0, 5, 2829.38
1539301489, 0, 300, 406, 347, 30, 1.90%, 0, 0, 5, 2890.84
1539301494, 0, 300, 408, 349, 30, 1.90%, 0, 0, 5, 2905.93
1539301499, 0, 305, 408, 348, 31, 1.90%, 0, 0, 5, 2857.87
1539301504, 0, 312, 408, 347, 30, 1.90%, 0, 0, 5, 2840.96
1539301509, 0, 327, 408, 346, 29, 1.90%, 0, 0, 5, 2824.97
1539301519, 0, 332, 408, 345, 28, 1.90%, 0, 0, 5, 2713.80
1539301524, 0, 339, 409, 345, 27, 1.90%, 0, 0, 6, 2640.07
1539301535, 0, 341, 411, 346, 26, 1.91%, 0, 0, 6, 2580.07
1539301545, 0, 342, 412, 346, 25, 1.91%, 0, 0, 6, 2578.66
1539301555, 0, 348, 413, 346, 26, 1.91%, 0, 0, 6, 2658.77
1539301560, 0, 352, 413, 345, 25, 1.91%, 0, 0, 6, 2780.89
1539301570, 0, 359, 414, 345, 24, 1.91%, 0, 0, 6, 2816.11
1539301575, 0, 361, 415, 345, 24, 1.91%, 0, 0, 6, 2720.41
