# unix_time, cycles_done, cur_path, paths_total, pending_total, pending_favs, map_size, unique_crashes, unique_hangs, max_depth, execs_per_sec
1539306409, 0, 0, 6, 6, 6, 1.19%, 0, 0, 1, 2666.67
1539306414, 0, 0, 121, 121, 6, 1.31%, 0, 0, 2, 3000.37
1539306419, 0, 0, 204, 204, 6, 1.39%, 0, 0, 2, 3041.42
1539306424, 0, 0, 223, 223, 6, 1.39%, 0, 0, 2, 3088.69
1539306429, 0, 1, 226, 225, 37, 1.40%, 0, 0, 2, 2852.35
1539306434, 0, 1, 240, 239, 37, 1.41%, 0, 0, 2, 2898.49
1539306439, 0, 1, 249, 248, 37, 1.42%, 0, 0, 2, 2916.79
1539306444, 0, 17, 251, 249, 36, 1.42%, 0, 0, 2, 3022.08
1539306449, 0, 23, 252, 249, 35, 1.42%, 0, 0, 3, 3078.38
1539306454, 0, 27, 252, 248, 34, 1.42%, 0, 0, 3, 3047.26
1539306459, 0, 44, 252, 247, 33, 1.42%, 0, 0, 3, 3037.90
1539306464, 0, 56, 252, 246, 32, 1.42%, 0, 0, 3, 3023.76
1539306470, 0, 56, 255, 249, 32, 1.43%, 0, 0, 3, 3088.78
1539306475, 0, 64, 255, 248, 32, 1.43%, 0, 0, 3, 3040.59
1539306480, 0, 101, 255, 246, 30, 1.43%, 0, 0, 3, 3126.16
1539306485, 0, 121, 255, 245, 29, 1.43%, 0, 0, 3, 3046.42
1539306490, 0, 127, 255, 243, 27, 1.43%, 0, 0, 3, 3098.59
1539306500, 0, 132, 256, 243, 26, 1.43%, 0, 0, 3, 2992.35
1539306505, 0, 133, 256, 242, 25, 1.43%, 0, 0, 3, 3017.62
1539306510, 0, 135, 256, 241, 24, 1.43%, 0, 0, 3, 3033.39
1539306521, 0, 155, 256, 239, 22, 1.43%, 0, 0, 3, 3050.09
1539306531, 0, 158, 257, 239, 21, 1.43%, 0, 0, 3, 2861.33
1539306536, 0, 159, 257, 238, 20, 1.43%, 0, 0, 3, 2926.55
1539306541, 0, 166, 258, 238, 19, 1.43%, 0, 0, 3, 2948.80
1539306551, 0, 170, 258, 237, 18, 1.43%, 0, 0, 3, 2841.15
1539306556, 0, 180, 258, 236, 17, 1.43%, 0, 0, 3, 2890.20
1539306561, 0, 182, 258, 235, 16, 1.43%, 0, 0, 3, 2930.84
1539306566, 0, 185, 258, 234, 15, 1.43%, 0, 0, 3, 2979.17
1539306576, 0, 185, 273, 249, 15, 1.46%, 0, 0, 3, 2900.36
1539306581, 0, 185, 281, 257, 15, 1.48%, 0, 0, 3, 2899.28
1539306586, 0, 189, 284, 259, 26, 1.48%, 0, 0, 3, 2864.07
1539306597, 0, 190, 284, 258, 25, 1.48%, 0, 0, 3, 3058.00
1539306602, 0, 194, 285, 258, 24, 1.48%, 0, 0, 3, 3079.43
1539306607, 0, 209, 285, 257, 23, 1.48%, 0, 0, 3, 2978.86
1539306612, 0, 211, 285, 256, 22, 1.48%, 0, 0, 3, 2918.75
1539306617, 0, 212, 285, 255, 21, 1.48%, 0, 0, 3, 2976.28
1539306622, 0, 220, 287, 256, 21, 1.49%, 0, 0, 3, 2868.17
1539306627, 0, 220, 288, 257, 21, 1.49%, 0, 0, 3, 2759.67
1539306632, 0, 223, 288, 256, 20, 1.49%, 0, 0, 3, 2758.10
1539306637, 0, 227, 288, 255, 19, 1.49%, 0, 0, 3, 2764.60
1539306647, 0, 230, 288, 254, 18, 1.49%, 0, 0, 3, 2858.11
1539306652, 0, 238, 288, 253, 17, 1.49%, 0, 0, 3, 2826.15
1539306663, 0, 245, 291, 255, 17, 1.49%, 0, 0, 3, 2843.64
1539306668, 0, 252, 291, 254, 17, 1.49%, 0, 0, 3, 2876.59
1539306673, 0, 252, 292, 255, 17, 1.49%, 0, 0, 4, 2799.65
1539306678, 0, 258, 293, 255, 17, 1.49%, 0, 0, 4, 2792.51
1539306688, 0, 259, 294, 255, 16, 1.53%, 0, 0, 4, 2829.08
1539306693, 0, 260, 294, 254, 16, 1.53%, 0, 0, 4, 2821.30
1539306703, 0, 260, 300, 260, 16, 1.54%, 0, 0, 4, 2879.01
1539306708, 0, 260, 304, 264, 16, 1.57%, 0, 0, 4, 2904.70
1539306713, 0, 263, 305, 264, 21, 1.57%, 0, 0, 4, 2851.23
1539306724, 0, 264, 306, 264, 20, 1.57%, 0, 0, 4, 2822.93
1539306734, 0, 267, 306, 263, 19, 1.57%, 0, 0, 4, 2900.15
1539306739, 0, 269, 306, 262, 18, 1.57%, 0, 0, 4, 2825.68
1539306749, 0, 271, 306, 261, 17, 1.57%, 0, 0, 4, 2801.51
1539306759, 0, 277, 308, 262, 16, 1.57%, 0, 0, 4, 2825.90
1539306769, 0, 280, 311, 264, 15, 1.61%, 0, 0, 4, 2834.70
1539306779, 0, 282, 312, 264, 17, 1.61%, 0, 0, 4, 2845.46
1539306789, 0, 283, 312, 263, 16, 1.61%, 0, 0, 4, 2627.91
1539306795, 0, 285, 313, 263, 15, 1.61%, 0, 0, 4, 2639.49
1539306805, 0, 289, 313, 262, 14, 1.61%, 0, 0, 4, 2686.53
1539306810, 0, 291, 315, 263, 13, 1.61%, 0, 0, 4, 2686.14
1539306815, 0, 291, 316, 264, 13, 1.62%, 0, 0, 5, 2828.43
1539306820, 0, 291, 319, 267, 13, 1.79%, 0, 0, 5, 2874.42
1539306825, 0, 291, 322, 270, 13, 1.79%, 0, 0, 5, 2905.39
1539306830, 0, 292, 326, 273, 17, 1.79%, 0, 0, 5, 2893.62
1539306840, 0, 294, 326, 272, 16, 1.79%, 0, 0, 5, 2894.17
1539306850, 0, 296, 328, 273, 15, 1.80%, 0, 0, 5, 2882.20
1539306855, 0, 296, 329, 274, 15, 1.80%, 0, 0, 5, 2854.72
1539306860, 0, 296, 332, 277, 15, 1.80%, 0, 0, 5, 2911.02
1539306871, 0, 301, 338, 282, 16, 1.81%, 0, 0, 5, 2989.84
1539306876, 0, 302, 339, 282, 19, 1.81%, 0, 0, 5, 2901.16
1539306886, 0, 305, 339, 281, 19, 1.81%, 0, 0, 5, 2866.52
1539306896, 0, 307, 339, 280, 18, 1.81%, 0, 0, 5, 2875.26
1539306906, 0, 309, 346, 286, 17, 1.82%, 0, 0, 5, 2913.39
1539306911, 0, 310, 347, 286, 22, 1.82%, 0, 0, 5, 2946.74
1539306921, 0, 318, 371, 309, 21, 1.85%, 0, 0, 6, 2907.48
1539306926, 0, 318, 375, 313, 21, 1.85%, 0, 0, 6, 2895.97
1539306931, 0, 324, 375, 312, 36, 1.85%, 0, 0, 6, 2958.27
1539306937, 0, 326, 377, 313, 36, 1.85%, 0, 0, 6, 2925.80
1539306947, 0, 327, 378, 313, 35, 1.85%, 0, 0, 6, 2896.12
1539306957, 0, 327, 381, 316, 35, 1.85%, 0, 0, 6, 2846.35
1539306962, 0, 327, 383, 318, 35, 1.85%, 0, 0, 6, 2930.79
1539306967, 0, 331, 383, 317, 37, 1.85%, 0, 0, 6, 2856.04
1539306978, 0, 332, 384, 317, 36, 1.86%, 0, 0, 6, 2852.39
1539306983, 0, 333, 384, 316, 36, 1.86%, 0, 0, 6, 2987.92
1539306993, 0, 334, 384, 315, 35, 1.86%, 0, 0, 6, 3001.10
1539306998, 0, 335, 384, 314, 34, 1.86%, 0, 0, 6, 2970.26
1539307008, 0, 336, 384, 313, 33, 1.86%, 0, 0, 6, 2989.04
