# unix_time, cycles_done, cur_path, paths_total, pending_total, pending_favs, map_size, unique_crashes, unique_hangs, max_depth, execs_per_sec
1539312444, 0, 0, 6, 6, 5, 1.74%, 0, 0, 1, 2400.00
1539312450, 0, 0, 89, 89, 5, 1.93%, 0, 0, 2, 2578.64
1539312455, 0, 0, 331, 331, 5, 2.08%, 0, 0, 2, 2787.13
1539312460, 0, 1, 361, 360, 62, 2.10%, 0, 0, 2, 2783.75
1539312470, 0, 11, 361, 359, 62, 2.10%, 0, 0, 2, 2794.59
1539312475, 0, 11, 376, 374, 62, 2.11%, 0, 0, 3, 2918.05
1539312480, 0, 11, 385, 383, 62, 2.12%, 0, 0, 3, 2932.10
1539312485, 0, 22, 385, 382, 74, 2.12%, 0, 0, 3, 2753.53
1539312491, 0, 26, 385, 381, 73, 2.12%, 0, 0, 3, 2663.32
1539312496, 0, 36, 385, 380, 72, 2.12%, 0, 0, 3, 2880.41
1539312501, 0, 39, 385, 379, 71, 2.12%, 0, 0, 3, 2866.52
1539312506, 0, 55, 386, 379, 70, 2.12%, 0, 0, 3, 2739.59
1539312511, 0, 57, 386, 378, 69, 2.12%, 0, 0, 3, 2887.34
1539312516, 0, 66, 386, 377, 68, 2.12%, 0, 0, 3, 2764.44
1539312521, 0, 91, 386, 376, 67, 2.12%, 0, 0, 3, 2661.24
1539312526, 0, 101, 387, 376, 66, 2.12%, 0, 0, 3, 2698.84
1539312531, 0, 110, 387, 375, 64, 2.12%, 0, 0, 3, 2883.32
1539312536, 0, 115, 387, 374, 63, 2.12%, 0, 0, 3, 2684.93
1539312541, 0, 147, 388, 373, 61, 2.12%, 0, 0, 3, 2780.69
1539312546, 0, 160, 388, 372, 60, 2.12%, 0, 0, 3, 2648.49
1539312552, 0, 163, 388, 371, 59, 2.12%, 0, 0, 3, 2520.15
1539312557, 0, 173, 388, 370, 59, 2.12%, 0, 0, 3, 2641.45
1539312562, 0, 182, 388, 369, 58, 2.12%, 0, 0, 3, 2685.78
1539312567, 0, 192, 388, 368, 57, 2.12%, 0, 0, 3, 2739.64
1539312572, 0, 195, 388, 367, 56, 2.12%, 0, 0, 3, 2830.47
1539312577, 0, 200, 388, 366, 55, 2.12%, 0, 0, 3, 2928.27
1539312582, 0, 204, 388, 365, 54, 2.12%, 0, 0, 3, 2701.84
1539312587, 0, 209, 388, 364, 53, 2.12%, 0, 0, 3, 2657.15
1539312592, 0, 211, 388, 363, 52, 2.12%, 0, 0, 3, 2642.29
1539312597, 0, 212, 388, 362, 51, 2.12%, 0, 0, 3, 2626.04
1539312602, 0, 212, 390, 364, 51, 2.13%, 0, 0, 3, 2715.09
1539312607, 0, 212, 394, 368, 51, 2.13%, 0, 0, 3, 2828.26
1539312612, 0, 212, 399, 373, 51, 2.13%, 0, 0, 3, 2827.72
1539312617, 0, 217, 399, 372, 55, 2.13%, 0, 0, 3, 2633.58
1539312622, 0, 218, 399, 371, 54, 2.13%, 0, 0, 3, 2621.07
1539312628, 0, 219, 399, 370, 53, 2.13%, 0, 0, 3, 2565.32
1539312633, 0, 219, 404, 375, 53, 2.13%, 1, 0, 3, 2697.17
1539312638, 0, 219, 413, 384, 53, 2.13%, 3, 0, 3, 2715.41
1539312643, 0, 228, 418, 388, 55, 2.14%, 3, 0, 3, 2822.34
1539312648, 0, 240, 418, 387, 54, 2.14%, 3, 0, 3, 3010.06
1539312653, 0, 242, 418, 386, 53, 2.14%, 3, 0, 3, 2685.12
1539312658, 0, 243, 419, 386, 52, 2.14%, 3, 0, 3, 2634.98
1539312669, 0, 246, 419, 385, 51, 2.14%, 3, 0, 3, 2708.28
1539312674, 0, 249, 419, 384, 50, 2.14%, 3, 0, 3, 2639.61
1539312679, 0, 250, 419, 383, 49, 2.14%, 3, 0, 3, 2597.29
1539312684, 0, 253, 419, 382, 48, 2.14%, 3, 0, 3, 2864.90
1539312689, 0, 274, 419, 380, 46, 2.14%, 3, 0, 3, 2780.89
1539312694, 0, 275, 419, 379, 45, 2.14%, 3, 0, 3, 2869.85
1539312704, 0, 282, 421, 380, 44, 2.15%, 3, 0, 3, 2604.22
1539312709, 0, 284, 422, 380, 44, 2.15%, 3, 0, 3, 2829.06
1539312714, 0, 286, 424, 381, 44, 2.15%, 3, 0, 3, 2816.48
1539312719, 0, 291, 424, 380, 43, 2.15%, 3, 0, 3, 2582.13
1539312729, 0, 293, 424, 379, 42, 2.15%, 3, 0, 3, 2618.23
1539312734, 0, 299, 425, 379, 41, 2.15%, 3, 0, 3, 2720.84
1539312739, 0, 312, 425, 378, 40, 2.15%, 3, 0, 3, 2894.03
1539312744, 0, 315, 425, 377, 39, 2.15%, 3, 0, 3, 2813.02
1539312749, 0, 323, 425, 376, 38, 2.15%, 3, 0, 3, 2642.44
1539312760, 0, 324, 425, 375, 37, 2.15%, 3, 0, 3, 2555.24
1539312765, 0, 334, 427, 376, 36, 2.15%, 3, 0, 3, 2658.06
1539312770, 0, 337, 427, 375, 35, 2.15%, 3, 0, 3, 2644.00
1539312775, 0, 338, 427, 374, 34, 2.15%, 3, 0, 3, 2683.93
1539312780, 0, 340, 427, 373, 33, 2.15%, 3, 0, 3, 2648.10
1539312785, 0, 340, 428, 374, 33, 2.15%, 3, 0, 3, 2507.14
1539312790, 0, 341, 428, 373, 32, 2.15%, 5, 0, 3, 2498.05
1539312795, 0, 342, 428, 372, 31, 2.15%, 6, 0, 3, 2438.08
1539312800, 0, 346, 428, 371, 30, 2.15%, 6, 0, 3, 2683.66
1539312810, 0, 351, 428, 370, 29, 2.15%, 6, 0, 3, 2631.66
1539312815, 0, 356, 428, 369, 28, 2.15%, 7, 0, 3, 2576.14
1539312825, 0, 357, 429, 369, 28, 2.16%, 7, 0, 3, 2497.19
1539312830, 0, 361, 429, 368, 27, 2.16%, 7, 0, 3, 2529.34
1539312840, 0, 364, 429, 367, 26, 2.16%, 7, 0, 3, 2530.40
1539312845, 0, 368, 430, 367, 25, 2.16%, 7, 0, 4, 2630.14
1539312850, 0, 371, 430, 366, 24, 2.16%, 8, 0, 4, 2662.07
1539312855, 0, 372, 430, 365, 23, 2.16%, 8, 0, 4, 2883.05
1539312860, 0, 373, 430, 364, 22, 2.16%, 8, 0, 4, 2690.88
1539312871, 0, 374, 430, 363, 21, 2.16%, 8, 0, 4, 2476.65
1539312881, 0, 375, 431, 363, 20, 2.16%, 8, 0, 4, 2437.08
1539312886, 0, 378, 431, 362, 20, 2.16%, 8, 0, 4, 2470.85
1539312896, 0, 381, 431, 361, 19, 2.16%, 8, 0, 4, 2566.90
1539312901, 0, 383, 432, 361, 19, 2.16%, 8, 0, 4, 2638.08
1539312906, 0, 384, 432, 360, 18, 2.16%, 8, 0, 4, 2676.65
1539312916, 0, 388, 432, 359, 17, 2.16%, 8, 0, 4, 2833.02
1539312921, 0, 390, 434, 360, 16, 2.16%, 8, 0, 4, 2533.72
1539312926, 0, 390, 435, 361, 16, 2.16%, 8, 0, 4, 2275.78
1539312931, 0, 391, 435, 360, 16, 2.16%, 8, 0, 4, 2492.88
1539312936, 0, 392, 435, 359, 15, 2.16%, 8, 0, 4, 2647.48
1539312941, 0, 395, 435, 358, 14, 2.16%, 8, 0, 4, 2724.36
1539312946, 0, 398, 435, 357, 13, 2.16%, 8, 0, 4, 2774.59
1539312951, 0, 402, 435, 356, 12, 2.16%, 8, 0, 4, 2644.48
1539312961, 0, 403, 435, 355, 11, 2.16%, 8, 0, 4, 2327.73
1539312972, 0, 407, 435, 354, 10, 2.16%, 8, 0, 4, 2367.56
1539312982, 0, 411, 435, 353, 9, 2.16%, 8, 0, 4, 2371.20
1539312992, 0, 416, 436, 353, 8, 2.16%, 10, 0, 4, 2435.23
1539313002, 0, 419, 436, 352, 8, 2.16%, 10, 0, 4, 2494.03
1539313007, 0, 420, 436, 351, 7, 2.16%, 10, 0, 4, 2476.60
1539313012, 0, 422, 436, 350, 6, 2.16%, 10, 0, 4, 2485.77
1539313022, 0, 428, 437, 350, 6, 2.16%, 10, 0, 4, 2471.59
1539313032, 0, 430, 437, 349, 5, 2.16%, 10, 0, 4, 2386.41
1539313037, 0, 431, 437, 348, 4, 2.16%, 10, 0, 4, 2412.45
