# unix_time, cycles_done, cur_path, paths_total, pending_total, pending_favs, map_size, unique_crashes, unique_hangs, max_depth, execs_per_sec
1539300373, 0, 0, 6, 6, 6, 1.49%, 0, 0, 1, 2666.67
1539300378, 0, 0, 122, 122, 6, 1.88%, 13, 0, 2, 2858.81
1539300384, 0, 0, 124, 124, 6, 1.88%, 15, 0, 2, 2962.46
1539300389, 0, 14, 124, 122, 26, 1.88%, 15, 0, 2, 2849.52
1539300394, 0, 55, 125, 119, 22, 1.88%, 15, 0, 3, 2941.87
1539300399, 0, 60, 125, 116, 18, 1.88%, 15, 0, 3, 2844.25
1539300404, 0, 70, 125, 114, 16, 1.88%, 15, 0, 3, 2770.99
1539300409, 0, 82, 125, 111, 13, 1.88%, 15, 0, 3, 2823.80
1539300414, 0, 91, 125, 108, 10, 1.88%, 15, 0, 3, 2902.70
1539300419, 0, 93, 125, 106, 9, 1.88%, 15, 0, 3, 2940.72
1539300424, 0, 102, 125, 103, 7, 1.88%, 15, 0, 3, 2929.50
1539300429, 0, 104, 125, 101, 6, 1.88%, 15, 0, 3, 2693.25
1539300434, 0, 123, 125, 99, 4, 1.88%, 16, 0, 3, 2907.07
1539300439, 1, 18, 125, 96, 1, 1.88%, 17, 0, 3, 2957.50
1539300444, 1, 26, 125, 93, 0, 1.88%, 17, 0, 3, 2867.15
1539300449, 1, 38, 125, 90, 0, 1.88%, 17, 0, 3, 2910.78
1539300455, 1, 65, 125, 87, 0, 1.88%, 17, 0, 3, 2892.48
1539300460, 1, 86, 125, 84, 0, 1.88%, 17, 0, 3, 2621.57
1539300465, 1, 100, 125, 82, 0, 1.88%, 17, 0, 3, 2616.21
1539300470, 1, 116, 125, 80, 0, 1.88%, 17, 0, 3, 2738.03
1539300475, 1, 120, 125, 78, 0, 1.88%, 17, 0, 3, 2814.96
1539300480, 2, 7, 125, 76, 0, 1.88%, 18, 0, 3, 2841.59
1539300485, 2, 22, 125, 73, 0, 1.88%, 18, 0, 3, 2772.63
1539300490, 2, 28, 125, 71, 0, 1.88%, 18, 0, 3, 2759.93
1539300495, 2, 56, 125, 68, 0, 1.88%, 18, 0, 3, 2816.86
1539300500, 2, 74, 125, 66, 0, 1.88%, 18, 0, 3, 2888.63
1539300505, 2, 87, 125, 64, 0, 1.88%, 18, 0, 3, 2749.28
1539300510, 2, 109, 125, 63, 0, 1.88%, 18, 0, 3, 2757.03
1539300516, 3, 2, 125, 61, 0, 1.88%, 18, 0, 3, 2655.18
1539300521, 3, 13, 125, 59, 0, 1.88%, 18, 0, 3, 2582.04
1539300526, 3, 29, 125, 57, 0, 1.88%, 18, 0, 3, 2811.66
1539300531, 3, 53, 125, 53, 0, 1.88%, 18, 0, 3, 2831.92
1539300536, 3, 66, 125, 51, 0, 1.88%, 18, 0, 3, 2753.77
1539300541, 3, 69, 125, 49, 0, 1.88%, 18, 0, 3, 2746.14
1539300546, 3, 105, 125, 47, 0, 1.88%, 18, 0, 3, 2862.48
1539300551, 3, 114, 125, 46, 0, 1.88%, 18, 0, 3, 2810.89
1539300556, 4, 4, 125, 44, 0, 1.88%, 18, 0, 3, 2767.35
1539300561, 4, 24, 125, 42, 0, 1.88%, 18, 0, 3, 2787.97
1539300566, 4, 64, 125, 37, 0, 1.88%, 18, 0, 3, 2957.41
1539300571, 4, 78, 125, 36, 0, 1.88%, 18, 0, 3, 2855.96
1539300577, 4, 106, 125, 34, 0, 1.88%, 18, 0, 3, 2796.57
1539300582, 4, 122, 125, 32, 0, 1.88%, 18, 0, 3, 2831.84
1539300587, 5, 16, 125, 30, 0, 1.88%, 18, 0, 3, 2879.77
1539300592, 5, 50, 125, 28, 0, 1.88%, 18, 0, 3, 2903.30
1539300597, 5, 68, 125, 26, 0, 1.88%, 18, 0, 3, 2844.12
1539300602, 5, 84, 125, 25, 0, 1.88%, 18, 0, 3, 2881.93
1539300607, 5, 107, 125, 23, 0, 1.88%, 18, 0, 3, 2763.01
1539300612, 6, 20, 125, 22, 0, 1.88%, 18, 0, 3, 2814.92
1539300617, 6, 82, 125, 21, 0, 1.88%, 18, 0, 3, 2891.47
1539300623, 6, 108, 126, 21, 0, 1.88%, 18, 0, 3, 2881.32
1539300628, 6, 115, 126, 19, 0, 1.88%, 18, 0, 3, 2875.60
1539300633, 7, 56, 126, 17, 0, 1.88%, 18, 0, 3, 2928.31
1539300638, 7, 103, 126, 16, 0, 1.88%, 18, 0, 3, 2903.68
1539300643, 8, 26, 126, 15, 0, 1.88%, 18, 0, 3, 2860.59
1539300648, 8, 40, 126, 13, 0, 1.88%, 18, 0, 3, 2906.74
1539300653, 8, 64, 126, 10, 0, 1.88%, 18, 0, 3, 2881.39
1539300658, 8, 107, 126, 9, 0, 1.88%, 18, 0, 3, 2828.70
1539300664, 9, 3, 126, 8, 0, 1.88%, 18, 0, 3, 2799.42
1539300669, 9, 74, 126, 7, 0, 1.88%, 18, 0, 3, 2901.69
1539300674, 10, 44, 126, 7, 0, 1.88%, 18, 0, 3, 2927.67
1539300679, 10, 82, 126, 6, 0, 1.88%, 18, 0, 3, 2790.47
1539300684, 10, 114, 126, 5, 0, 1.88%, 18, 0, 3, 2893.81
1539300689, 11, 57, 126, 4, 0, 1.88%, 18, 0, 3, 2904.51
1539300695, 12, 10, 126, 4, 0, 1.88%, 18, 0, 3, 2880.40
1539300700, 12, 48, 126, 3, 0, 1.88%, 18, 0, 3, 2752.01
1539300705, 12, 89, 126, 2, 0, 1.88%, 18, 0, 3, 2835.38
1539300710, 13, 64, 126, 2, 0, 1.88%, 18, 0, 3, 2914.17
1539300715, 14, 26, 126, 2, 0, 1.88%, 18, 0, 3, 2852.71
1539300720, 14, 85, 126, 2, 0, 1.88%, 18, 0, 3, 2843.75
1539300725, 15, 29, 126, 1, 0, 1.88%, 18, 0, 3, 2927.39
1539300731, 15, 121, 126, 1, 0, 1.88%, 18, 0, 3, 2949.65
1539300736, 16, 82, 126, 1, 0, 1.88%, 18, 0, 3, 2889.62
1539300741, 17, 55, 126, 1, 0, 1.88%, 18, 0, 3, 2825.73
1539300746, 17, 124, 126, 1, 0, 1.88%, 18, 0, 3, 2828.75
1539300751, 18, 87, 126, 1, 0, 1.88%, 18, 0, 3, 2944.52
1539300756, 19, 56, 126, 1, 0, 1.88%, 18, 0, 3, 2930.07
1539300761, 19, 123, 126, 1, 0, 1.88%, 18, 0, 3, 2845.33
1539300767, 20, 89, 126, 1, 0, 1.88%, 18, 0, 3, 2875.63
1539300772, 21, 44, 126, 0, 0, 1.88%, 18, 0, 3, 2902.75
1539300777, 21, 110, 126, 0, 0, 1.88%, 18, 0, 3, 2893.44
1539300782, 22, 79, 126, 0, 0, 1.88%, 18, 0, 3, 2789.83
1539300787, 23, 42, 126, 0, 0, 1.88%, 18, 0, 3, 2791.45
1539300792, 23, 110, 126, 0, 0, 1.88%, 18, 0, 3, 2884.37
1539300797, 24, 68, 126, 0, 0, 1.88%, 18, 0, 3, 2903.12
1539300803, 25, 26, 126, 0, 0, 1.88%, 18, 0, 3, 2877.82
1539300808, 25, 112, 126, 0, 0, 1.88%, 18, 0, 3, 2887.45
1539300813, 26, 79, 126, 0, 0, 1.88%, 18, 0, 3, 2960.11
1539300818, 27, 55, 126, 0, 0, 1.88%, 18, 0, 3, 2909.42
1539300823, 27, 121, 126, 0, 0, 1.88%, 18, 0, 3, 2956.03
1539300828, 28, 87, 126, 0, 0, 1.88%, 18, 0, 3, 2974.66
1539300833, 29, 55, 126, 0, 0, 1.88%, 18, 0, 3, 2980.89
1539300839, 29, 124, 126, 0, 0, 1.88%, 18, 0, 3, 2852.69
1539300844, 30, 87, 126, 0, 0, 1.88%, 18, 0, 3, 2792.40
1539300849, 31, 33, 126, 0, 0, 1.88%, 18, 0, 3, 2757.98
1539300854, 31, 112, 126, 0, 0, 1.88%, 18, 0, 3, 2779.00
1539300859, 32, 79, 126, 0, 0, 1.88%, 18, 0, 3, 2916.85
1539300864, 33, 37, 126, 0, 0, 1.88%, 18, 0, 3, 2811.94
1539300869, 33, 110, 126, 0, 0, 1.88%, 18, 0, 3, 2903.83
1539300875, 34, 82, 126, 0, 0, 1.88%, 18, 0, 3, 2965.70
1539300880, 35, 52, 126, 0, 0, 1.88%, 18, 0, 3, 2938.01
1539300885, 35, 121, 126, 0, 0, 1.88%, 18, 0, 3, 2940.29
1539300890, 36, 87, 126, 0, 0, 1.88%, 18, 0, 3, 2958.97
1539300895, 37, 55, 126, 0, 0, 1.88%, 18, 0, 3, 2986.86
1539300900, 38, 3, 126, 0, 0, 1.88%, 18, 0, 3, 2867.81
1539300905, 38, 89, 126, 0, 0, 1.88%, 18, 0, 3, 2826.97
1539300911, 39, 62, 126, 0, 0, 1.88%, 18, 0, 3, 2952.53
1539300916, 40, 3, 126, 0, 0, 1.88%, 18, 0, 3, 2987.73
1539300921, 40, 92, 126, 0, 0, 1.88%, 18, 0, 3, 2995.15
1539300926, 41, 70, 126, 0, 0, 1.88%, 18, 0, 3, 2991.72
1539300931, 42, 31, 126, 0, 0, 1.88%, 18, 0, 3, 2983.75
1539300936, 42, 110, 126, 0, 0, 1.88%, 18, 0, 3, 2909.80
1539300941, 43, 87, 126, 0, 0, 1.88%, 18, 0, 3, 2950.69
1539300947, 44, 36, 126, 0, 0, 1.88%, 18, 0, 3, 2973.38
1539300952, 44, 123, 126, 0, 0, 1.88%, 18, 0, 3, 2958.72
1539300957, 45, 96, 126, 0, 0, 1.88%, 18, 0, 3, 2959.21
1539300962, 46, 68, 126, 0, 0, 1.88%, 18, 0, 3, 2938.19
1539300967, 47, 18, 126, 0, 0, 1.88%, 18, 0, 3, 2915.13
1539300972, 47, 110, 126, 0, 0, 1.88%, 18, 0, 3, 2929.83
