# unix_time, cycles_done, cur_path, paths_total, pending_total, pending_favs, map_size, unique_crashes, unique_hangs, max_depth, execs_per_sec
1539308219, 0, 0, 6, 6, 6, 1.19%, 0, 0, 1, 2526.32
1539308224, 0, 0, 139, 139, 6, 1.33%, 0, 0, 2, 3033.33
1539308229, 0, 0, 211, 211, 6, 1.36%, 0, 0, 2, 3149.22
1539308234, 0, 0, 223, 223, 6, 1.39%, 0, 0, 2, 3209.42
1539308240, 0, 11, 223, 221, 29, 1.39%, 0, 0, 2, 3221.61
1539308245, 0, 17, 223, 220, 28, 1.39%, 0, 0, 2, 3194.91
1539308250, 0, 29, 223, 219, 28, 1.39%, 0, 0, 2, 3225.36
1539308255, 0, 41, 223, 218, 28, 1.39%, 0, 0, 2, 3141.73
1539308260, 0, 45, 224, 218, 28, 1.39%, 0, 0, 3, 3010.82
1539308265, 0, 46, 225, 218, 28, 1.39%, 0, 0, 3, 3096.38
1539308270, 0, 57, 225, 217, 27, 1.39%, 0, 0, 3, 3088.59
1539308275, 0, 57, 227, 219, 27, 1.39%, 0, 0, 3, 3179.67
1539308280, 0, 57, 235, 227, 27, 1.39%, 0, 0, 3, 3187.74
1539308285, 0, 64, 241, 232, 27, 1.39%, 0, 0, 3, 3104.71
1539308290, 0, 82, 241, 230, 25, 1.39%, 0, 0, 3, 3086.04
1539308295, 0, 97, 242, 230, 24, 1.39%, 0, 0, 3, 3022.61
1539308305, 0, 124, 242, 229, 23, 1.39%, 0, 0, 3, 2927.94
1539308310, 0, 125, 242, 228, 22, 1.39%, 0, 0, 3, 3063.28
1539308315, 0, 127, 242, 227, 21, 1.39%, 0, 0, 3, 3106.72
1539308321, 0, 129, 242, 226, 20, 1.39%, 0, 0, 3, 3176.95
1539308326, 0, 134, 242, 225, 19, 1.39%, 0, 0, 3, 2992.44
1539308331, 0, 145, 242, 224, 18, 1.39%, 0, 0, 3, 2895.48
1539308341, 0, 145, 252, 234, 18, 1.39%, 0, 0, 3, 2830.88
1539308346, 0, 145, 265, 247, 18, 1.39%, 0, 0, 3, 2927.43
1539308351, 0, 152, 268, 249, 18, 1.39%, 0, 0, 3, 2861.33
1539308356, 0, 156, 268, 248, 17, 1.39%, 0, 0, 3, 2900.43
1539308366, 0, 157, 269, 248, 16, 1.39%, 0, 0, 3, 2981.52
1539308371, 0, 162, 269, 247, 15, 1.39%, 0, 0, 3, 3072.84
1539308376, 0, 168, 269, 246, 14, 1.39%, 0, 0, 3, 3087.41
1539308381, 0, 170, 269, 245, 13, 1.39%, 0, 0, 3, 3014.26
1539308386, 0, 170, 271, 247, 13, 1.40%, 0, 0, 3, 2965.32
1539308391, 0, 182, 271, 246, 13, 1.40%, 0, 0, 3, 2977.96
1539308397, 0, 183, 271, 245, 13, 1.40%, 0, 0, 3, 2947.07
1539308407, 0, 192, 271, 244, 12, 1.40%, 0, 0, 3, 2918.81
1539308412, 0, 193, 271, 243, 11, 1.40%, 0, 0, 3, 2952.37
1539308422, 0, 199, 271, 242, 10, 1.40%, 0, 0, 3, 2946.99
1539308427, 0, 199, 283, 254, 10, 1.44%, 0, 0, 3, 2997.69
1539308432, 0, 199, 289, 260, 10, 1.49%, 0, 0, 3, 3032.35
1539308437, 0, 200, 290, 260, 18, 1.49%, 0, 0, 3, 2911.16
1539308448, 0, 202, 290, 259, 17, 1.49%, 0, 0, 3, 2973.15
1539308453, 0, 210, 290, 258, 16, 1.49%, 0, 0, 3, 2849.66
1539308458, 0, 219, 290, 257, 15, 1.49%, 0, 0, 3, 2798.84
1539308468, 0, 222, 293, 259, 14, 1.49%, 0, 0, 3, 2825.52
1539308473, 0, 222, 294, 260, 14, 1.52%, 0, 0, 3, 2888.55
1539308478, 0, 224, 294, 259, 16, 1.52%, 0, 0, 3, 3033.71
1539308483, 0, 231, 294, 258, 15, 1.52%, 0, 0, 3, 3026.14
1539308488, 0, 236, 294, 257, 14, 1.52%, 0, 0, 3, 2992.31
1539308493, 0, 271, 295, 257, 13, 1.52%, 0, 0, 4, 2957.78
1539308498, 0, 271, 296, 258, 13, 1.54%, 0, 0, 4, 2943.44
1539308503, 0, 272, 296, 257, 14, 1.54%, 0, 0, 4, 2805.57
1539308508, 0, 273, 296, 256, 13, 1.54%, 0, 0, 4, 2799.59
1539308518, 0, 274, 299, 258, 14, 1.55%, 0, 0, 4, 2846.48
1539308523, 0, 276, 300, 258, 15, 1.55%, 0, 0, 4, 2877.26
1539308534, 0, 277, 301, 258, 14, 1.55%, 0, 0, 4, 2821.48
1539308539, 0, 280, 302, 258, 15, 1.56%, 0, 0, 4, 2796.81
1539308549, 0, 281, 302, 257, 15, 1.56%, 0, 0, 4, 2804.34
1539308554, 0, 283, 316, 270, 15, 1.59%, 0, 0, 4, 2888.06
1539308559, 0, 283, 318, 272, 15, 1.60%, 0, 0, 4, 2823.05
1539308564, 0, 283, 346, 300, 15, 1.84%, 0, 0, 4, 2826.01
1539308569, 0, 283, 360, 314, 15, 1.86%, 0, 0, 4, 2876.53
1539308574, 0, 285, 363, 316, 49, 1.86%, 0, 0, 4, 2952.47
1539308580, 0, 291, 364, 316, 48, 1.86%, 0, 0, 4, 2943.80
1539308590, 0, 292, 368, 319, 51, 1.87%, 0, 0, 4, 2897.05
1539308600, 0, 293, 369, 319, 51, 1.87%, 0, 0, 4, 2872.67
1539308605, 0, 294, 369, 318, 50, 1.87%, 0, 0, 4, 2937.19
1539308615, 0, 295, 372, 320, 49, 1.88%, 0, 0, 5, 2966.63
1539308620, 0, 296, 372, 319, 50, 1.88%, 0, 0, 5, 2901.65
1539308630, 0, 297, 372, 318, 49, 1.88%, 0, 0, 5, 2841.82
1539308635, 0, 298, 372, 317, 48, 1.88%, 0, 0, 5, 2834.80
1539308646, 0, 299, 372, 316, 47, 1.88%, 0, 0, 5, 2941.93
1539308651, 0, 300, 372, 315, 46, 1.88%, 0, 0, 5, 2982.93
1539308656, 0, 301, 372, 314, 45, 1.88%, 0, 0, 5, 3009.39
1539308666, 0, 303, 372, 313, 44, 1.88%, 0, 0, 5, 2886.65
1539308671, 0, 303, 375, 316, 44, 1.88%, 0, 0, 5, 2891.17
1539308676, 0, 303, 393, 334, 44, 1.96%, 0, 0, 5, 2929.21
1539308681, 0, 303, 397, 338, 44, 1.99%, 0, 0, 5, 2930.34
1539308686, 0, 304, 397, 337, 45, 1.99%, 0, 0, 5, 2860.53
1539308691, 0, 305, 397, 336, 44, 1.99%, 0, 0, 5, 2871.07
1539308696, 0, 306, 397, 335, 43, 1.99%, 0, 0, 5, 2811.73
1539308706, 0, 307, 397, 334, 42, 1.99%, 0, 0, 5, 2924.33
1539308712, 0, 310, 399, 335, 43, 1.99%, 0, 0, 5, 2860.76
1539308717, 0, 310, 400, 336, 43, 1.99%, 0, 0, 5, 2864.64
1539308722, 0, 311, 400, 335, 43, 1.99%, 0, 0, 5, 2900.33
1539308727, 0, 312, 400, 334, 42, 1.99%, 0, 0, 5, 2912.21
1539308732, 0, 314, 401, 334, 42, 1.99%, 0, 0, 5, 2888.33
1539308742, 0, 316, 401, 333, 41, 1.99%, 0, 0, 5, 2901.24
1539308747, 0, 317, 401, 332, 40, 1.99%, 0, 0, 5, 2847.05
1539308757, 0, 320, 402, 332, 39, 1.99%, 0, 0, 5, 2707.92
1539308762, 0, 321, 402, 331, 38, 1.99%, 0, 0, 5, 2755.73
1539308772, 0, 322, 403, 331, 37, 1.99%, 0, 0, 5, 2545.75
1539308778, 0, 322, 404, 332, 37, 1.99%, 0, 0, 5, 2687.84
1539308783, 0, 322, 414, 342, 37, 1.99%, 0, 0, 5, 2929.27
1539308788, 0, 322, 419, 347, 37, 1.99%, 0, 0, 5, 2962.72
1539308793, 0, 324, 419, 346, 36, 1.99%, 0, 0, 5, 2871.15
1539308798, 0, 325, 420, 346, 35, 1.99%, 0, 0, 5, 2715.83
1539308808, 0, 327, 420, 345, 34, 1.99%, 0, 0, 5, 2728.76
1539308813, 0, 334, 420, 344, 33, 1.99%, 0, 0, 5, 2780.06
