# unix_time, cycles_done, cur_path, paths_total, pending_total, pending_favs, map_size, unique_crashes, unique_hangs, max_depth, execs_per_sec
1539310634, 0, 0, 6, 6, 5, 1.74%, 0, 0, 1, 2526.32
1539310639, 0, 0, 103, 103, 5, 1.98%, 0, 0, 2, 2652.80
1539310644, 0, 0, 311, 311, 5, 2.08%, 0, 0, 2, 2866.72
1539310649, 0, 19, 324, 323, 64, 2.09%, 0, 0, 2, 2867.67
1539310654, 0, 19, 328, 327, 64, 2.09%, 0, 0, 3, 2885.92
1539310659, 0, 19, 344, 343, 64, 2.11%, 0, 0, 3, 2988.04
1539310665, 0, 21, 353, 351, 70, 2.11%, 0, 0, 3, 3000.03
1539310670, 0, 21, 357, 355, 70, 2.11%, 0, 0, 3, 3006.95
1539310675, 0, 21, 364, 362, 70, 2.12%, 0, 0, 3, 2871.48
1539310680, 0, 26, 371, 368, 73, 2.13%, 0, 0, 3, 2911.03
1539310690, 0, 55, 371, 367, 72, 2.13%, 0, 0, 3, 2600.57
1539310695, 0, 57, 372, 367, 70, 2.13%, 0, 0, 3, 2863.23
1539310700, 0, 91, 372, 366, 69, 2.13%, 0, 0, 3, 2777.81
1539310705, 0, 92, 373, 366, 68, 2.13%, 0, 0, 3, 2711.43
1539310710, 0, 98, 373, 365, 67, 2.13%, 0, 0, 3, 2621.63
1539310715, 0, 101, 374, 365, 67, 2.13%, 0, 0, 3, 2660.63
1539310721, 0, 103, 374, 364, 66, 2.13%, 0, 0, 3, 2835.61
1539310726, 0, 117, 374, 363, 65, 2.13%, 0, 0, 3, 2884.45
1539310731, 0, 117, 380, 369, 65, 2.14%, 0, 0, 3, 3005.78
1539310736, 0, 117, 387, 376, 65, 2.14%, 0, 0, 3, 3057.74
1539310741, 0, 120, 388, 376, 67, 2.14%, 0, 0, 3, 3033.13
1539310746, 0, 125, 388, 375, 66, 2.14%, 0, 0, 3, 3166.56
1539310751, 0, 145, 388, 373, 64, 2.14%, 0, 0, 3, 3214.52
1539310756, 0, 152, 390, 374, 63, 2.14%, 0, 0, 3, 2839.14
1539310761, 0, 165, 391, 374, 62, 2.14%, 0, 0, 3, 3018.72
1539310766, 0, 172, 393, 375, 61, 2.15%, 0, 0, 3, 2812.01
1539310771, 0, 173, 393, 374, 61, 2.15%, 0, 0, 3, 2716.10
1539310776, 0, 181, 393, 373, 60, 2.15%, 0, 0, 3, 2745.59
1539310781, 0, 182, 393, 372, 59, 2.15%, 0, 0, 3, 2661.65
1539310786, 0, 183, 394, 372, 58, 2.15%, 0, 0, 3, 2646.93
1539310791, 0, 186, 395, 372, 57, 2.15%, 0, 0, 3, 2791.40
1539310796, 0, 197, 395, 371, 56, 2.15%, 0, 0, 3, 2853.27
1539310801, 0, 206, 395, 370, 55, 2.15%, 0, 0, 3, 2689.37
1539310807, 0, 210, 395, 369, 54, 2.15%, 0, 0, 3, 2691.61
1539310812, 0, 210, 399, 373, 54, 2.15%, 0, 0, 3, 2770.86
1539310817, 0, 210, 401, 375, 54, 2.15%, 0, 0, 3, 2899.58
1539310822, 0, 211, 401, 374, 54, 2.15%, 0, 0, 3, 2907.76
1539310832, 0, 213, 401, 373, 53, 2.15%, 0, 0, 3, 2687.67
1539310837, 0, 229, 401, 371, 51, 2.15%, 0, 0, 3, 2972.92
1539310847, 0, 231, 401, 370, 50, 2.15%, 0, 0, 3, 2683.97
1539310852, 0, 235, 401, 369, 49, 2.15%, 0, 0, 3, 2712.90
1539310857, 0, 237, 401, 368, 48, 2.15%, 0, 0, 3, 2729.47
1539310862, 0, 238, 401, 367, 47, 2.15%, 0, 0, 3, 2919.10
1539310867, 0, 259, 401, 366, 46, 2.15%, 0, 0, 3, 2760.81
1539310872, 0, 260, 401, 365, 45, 2.15%, 0, 0, 3, 2665.42
1539310878, 0, 264, 401, 364, 44, 2.15%, 0, 0, 3, 2788.94
1539310883, 0, 266, 402, 364, 43, 2.15%, 0, 0, 3, 2568.26
1539310888, 0, 268, 402, 363, 42, 2.15%, 0, 0, 3, 2564.47
1539310898, 0, 278, 404, 364, 42, 2.15%, 0, 0, 3, 2522.20
1539310903, 0, 290, 404, 363, 41, 2.15%, 0, 0, 3, 2483.74
1539310908, 0, 291, 404, 362, 40, 2.15%, 0, 0, 3, 2573.99
1539310918, 0, 300, 404, 361, 39, 2.15%, 0, 0, 3, 2528.44
1539310923, 0, 304, 404, 360, 38, 2.15%, 0, 0, 3, 2521.97
1539310928, 0, 305, 404, 359, 37, 2.15%, 0, 0, 3, 2532.58
1539310933, 0, 306, 404, 358, 36, 2.15%, 0, 0, 3, 2472.39
1539310943, 0, 312, 405, 358, 35, 2.15%, 0, 0, 3, 2638.84
1539310948, 0, 314, 405, 357, 34, 2.15%, 0, 0, 3, 2469.04
1539310953, 0, 315, 405, 356, 33, 2.15%, 0, 0, 3, 2545.21
1539310958, 0, 315, 406, 357, 33, 2.15%, 0, 0, 3, 2789.86
1539310963, 0, 321, 407, 357, 33, 2.15%, 0, 0, 3, 2580.12
1539310968, 0, 332, 409, 358, 34, 2.15%, 0, 0, 3, 2569.50
1539310974, 0, 332, 410, 359, 34, 2.15%, 0, 0, 4, 2620.24
1539310979, 0, 334, 410, 358, 33, 2.15%, 0, 0, 4, 2664.96
1539310984, 0, 335, 411, 358, 32, 2.16%, 0, 0, 4, 2536.27
1539310989, 0, 339, 413, 359, 32, 2.16%, 0, 0, 4, 2648.96
1539310994, 0, 340, 413, 358, 31, 2.16%, 0, 0, 4, 2844.31
1539311004, 0, 342, 413, 357, 30, 2.16%, 0, 0, 4, 2493.12
1539311014, 0, 344, 413, 356, 29, 2.16%, 0, 0, 4, 2644.51
1539311019, 0, 354, 413, 355, 28, 2.16%, 0, 0, 4, 2536.45
1539311029, 0, 355, 414, 355, 27, 2.16%, 0, 0, 4, 2533.98
1539311034, 0, 356, 414, 354, 26, 2.16%, 0, 0, 4, 2675.45
1539311039, 0, 357, 416, 355, 25, 2.16%, 0, 0, 4, 2802.39
1539311050, 0, 358, 416, 354, 24, 2.16%, 0, 0, 4, 2696.09
1539311055, 0, 364, 416, 353, 23, 2.16%, 0, 0, 4, 2512.91
1539311060, 0, 365, 417, 353, 22, 2.16%, 0, 0, 4, 2499.85
1539311070, 0, 368, 417, 352, 21, 2.16%, 0, 0, 4, 2462.86
1539311075, 0, 369, 417, 351, 20, 2.16%, 0, 0, 4, 2535.47
1539311085, 0, 371, 417, 350, 19, 2.16%, 0, 0, 4, 2502.30
1539311090, 0, 373, 418, 350, 18, 2.16%, 0, 0, 4, 2505.13
1539311095, 0, 375, 419, 350, 18, 2.16%, 0, 0, 4, 2500.38
1539311106, 0, 378, 419, 349, 18, 2.16%, 0, 0, 4, 2871.41
1539311111, 0, 381, 419, 348, 17, 2.16%, 0, 0, 4, 2962.44
1539311116, 0, 382, 420, 348, 16, 2.16%, 0, 0, 4, 2697.59
1539311121, 0, 387, 421, 348, 16, 2.16%, 0, 0, 4, 2608.22
1539311131, 0, 388, 421, 347, 15, 2.16%, 0, 0, 4, 2597.50
1539311136, 0, 392, 421, 346, 14, 2.16%, 0, 0, 4, 2694.40
1539311141, 0, 396, 421, 345, 13, 2.16%, 0, 0, 4, 2754.78
1539311146, 0, 401, 421, 344, 12, 2.16%, 0, 0, 4, 2883.43
1539311151, 0, 403, 421, 343, 11, 2.16%, 0, 0, 4, 2853.17
1539311156, 0, 404, 421, 342, 10, 2.16%, 0, 0, 4, 2781.75
1539311162, 0, 406, 421, 341, 9, 2.16%, 0, 0, 4, 2711.33
1539311167, 0, 407, 421, 340, 8, 2.16%, 0, 0, 4, 2680.16
1539311177, 0, 408, 421, 339, 7, 2.16%, 0, 0, 4, 2498.12
1539311187, 0, 409, 421, 338, 6, 2.16%, 0, 0, 4, 2608.70
1539311192, 0, 410, 421, 337, 5, 2.16%, 0, 0, 4, 2562.33
1539311202, 0, 412, 421, 336, 4, 2.16%, 0, 0, 4, 2557.73
1539311207, 0, 412, 423, 338, 4, 2.17%, 2, 0, 5, 2716.07
1539311212, 0, 417, 423, 337, 4, 2.17%, 2, 0, 5, 2517.01
1539311217, 0, 418, 423, 336, 3, 2.17%, 2, 0, 5, 2465.87
1539311227, 0, 419, 423, 335, 2, 2.17%, 2, 0, 5, 2530.12
1539311232, 0, 419, 424, 336, 2, 2.17%, 2, 0, 5, 2584.30
