# unix_time, cycles_done, cur_path, paths_total, pending_total, pending_favs, map_size, unique_crashes, unique_hangs, max_depth, execs_per_sec
1539314859, 0, 0, 6, 6, 5, 1.50%, 0, 0, 1, 2666.67
1539314864, 0, 0, 130, 130, 5, 1.88%, 17, 0, 2, 2994.17
1539314869, 0, 0, 134, 134, 5, 1.88%, 19, 0, 2, 3014.24
1539314874, 0, 10, 134, 132, 29, 1.88%, 20, 0, 2, 2970.38
1539314879, 0, 44, 134, 128, 26, 1.88%, 20, 0, 2, 2996.80
1539314884, 0, 58, 134, 125, 23, 1.88%, 21, 0, 2, 3024.23
1539314889, 0, 66, 134, 122, 20, 1.88%, 21, 0, 2, 3012.32
1539314895, 0, 75, 135, 120, 16, 1.88%, 22, 0, 3, 3004.34
1539314900, 0, 77, 135, 118, 14, 1.88%, 22, 0, 3, 2855.09
1539314905, 0, 92, 135, 115, 11, 1.88%, 22, 0, 3, 2959.66
1539314910, 0, 102, 135, 112, 8, 1.88%, 22, 0, 3, 3005.47
1539314915, 0, 114, 135, 109, 5, 1.88%, 22, 0, 3, 2963.55
1539314920, 0, 116, 135, 107, 3, 1.88%, 22, 0, 3, 2863.12
1539314925, 0, 128, 135, 105, 1, 1.88%, 23, 0, 3, 2933.71
1539314930, 1, 8, 135, 102, 0, 1.88%, 23, 0, 3, 2981.71
1539314935, 1, 27, 135, 99, 0, 1.88%, 23, 0, 3, 2946.48
1539314940, 1, 40, 135, 95, 0, 1.88%, 23, 0, 3, 2959.59
1539314945, 1, 69, 135, 90, 0, 1.88%, 23, 0, 3, 2999.27
1539314950, 1, 89, 135, 87, 0, 1.88%, 24, 0, 3, 3107.82
1539314955, 1, 93, 135, 85, 0, 1.88%, 24, 0, 3, 3044.97
1539314961, 1, 117, 135, 83, 0, 1.88%, 25, 0, 3, 3041.08
1539314966, 1, 121, 135, 80, 0, 1.88%, 25, 0, 3, 2997.70
1539314971, 2, 11, 135, 78, 0, 1.88%, 26, 0, 3, 3002.80
1539314976, 2, 33, 135, 76, 0, 1.88%, 26, 0, 3, 3148.14
1539314981, 2, 58, 135, 72, 0, 1.88%, 26, 0, 3, 2962.99
1539314986, 2, 69, 135, 70, 0, 1.88%, 26, 0, 3, 3028.39
1539314991, 2, 79, 135, 68, 0, 1.88%, 26, 0, 3, 3158.53
1539314996, 2, 91, 135, 65, 0, 1.88%, 26, 0, 3, 3062.12
1539315002, 2, 106, 135, 63, 0, 1.88%, 26, 0, 3, 3033.23
1539315007, 2, 113, 135, 61, 0, 1.88%, 26, 0, 3, 3000.93
1539315012, 2, 129, 135, 59, 0, 1.88%, 26, 0, 3, 3018.48
1539315017, 3, 2, 135, 57, 0, 1.88%, 26, 0, 3, 2967.18
1539315022, 3, 25, 135, 54, 0, 1.88%, 26, 0, 3, 2999.46
1539315028, 3, 44, 135, 51, 0, 1.88%, 26, 0, 3, 3160.51
1539315033, 3, 58, 135, 48, 0, 1.88%, 26, 0, 3, 3083.95
1539315038, 3, 82, 135, 46, 0, 1.88%, 26, 0, 3, 3139.75
1539315043, 3, 86, 135, 44, 0, 1.88%, 26, 0, 3, 3043.97
1539315048, 3, 97, 135, 42, 0, 1.88%, 26, 0, 3, 3076.65
1539315053, 3, 132, 135, 40, 0, 1.88%, 26, 0, 3, 3070.79
1539315058, 4, 14, 135, 38, 0, 1.88%, 26, 0, 3, 3041.55
1539315063, 4, 24, 135, 36, 0, 1.88%, 26, 0, 3, 3041.86
1539315068, 4, 58, 135, 32, 0, 1.88%, 26, 0, 3, 3150.50
1539315073, 4, 102, 135, 31, 0, 1.88%, 26, 0, 3, 3194.30
1539315079, 5, 35, 135, 30, 0, 1.88%, 26, 0, 3, 3107.47
1539315084, 5, 115, 135, 30, 0, 1.88%, 26, 0, 3, 3136.67
1539315089, 6, 30, 135, 29, 0, 1.88%, 26, 0, 3, 3068.59
1539315094, 6, 60, 135, 26, 0, 1.88%, 26, 0, 3, 3057.97
1539315099, 6, 108, 135, 25, 0, 1.88%, 26, 0, 3, 3101.13
1539315104, 6, 123, 135, 23, 0, 1.88%, 26, 0, 3, 3080.74
1539315109, 7, 18, 135, 21, 0, 1.88%, 26, 0, 3, 2997.46
1539315114, 7, 74, 135, 19, 0, 1.88%, 26, 0, 3, 3061.13
1539315119, 7, 102, 135, 17, 0, 1.88%, 26, 0, 3, 3071.38
1539315124, 7, 122, 135, 16, 0, 1.88%, 26, 0, 3, 3076.77
1539315130, 8, 12, 135, 14, 0, 1.88%, 26, 0, 3, 3048.36
1539315135, 8, 56, 135, 12, 0, 1.88%, 26, 0, 3, 3176.33
1539315140, 8, 99, 135, 10, 0, 1.88%, 26, 0, 3, 3098.24
1539315145, 8, 105, 135, 8, 0, 1.88%, 26, 0, 3, 3011.94
1539315150, 8, 131, 135, 7, 0, 1.88%, 26, 0, 3, 2912.14
1539315155, 9, 44, 135, 5, 0, 1.88%, 26, 0, 3, 2917.55
1539315161, 9, 103, 136, 5, 0, 1.88%, 26, 0, 3, 3021.89
1539315166, 9, 135, 136, 5, 0, 1.88%, 26, 0, 3, 3008.20
1539315171, 10, 69, 136, 3, 0, 1.88%, 26, 0, 3, 3056.24
1539315176, 10, 114, 136, 2, 0, 1.88%, 26, 0, 3, 2929.15
1539315181, 11, 25, 136, 1, 0, 1.88%, 26, 0, 3, 3017.99
1539315186, 11, 123, 136, 1, 0, 1.88%, 26, 0, 3, 3102.53
1539315192, 12, 98, 136, 1, 0, 1.88%, 26, 0, 3, 3074.87
1539315197, 13, 61, 136, 1, 0, 1.88%, 26, 0, 3, 3055.34
1539315202, 14, 3, 136, 1, 0, 1.88%, 26, 0, 3, 3071.51
1539315207, 14, 110, 136, 1, 0, 1.88%, 26, 0, 3, 3050.00
1539315212, 15, 89, 136, 1, 0, 1.88%, 26, 0, 3, 3079.05
1539315217, 16, 44, 136, 1, 0, 1.88%, 26, 0, 3, 3098.99
1539315222, 16, 121, 136, 1, 0, 1.88%, 26, 0, 3, 3066.41
1539315228, 17, 92, 136, 1, 0, 1.88%, 26, 0, 3, 3078.08
1539315233, 18, 28, 136, 1, 0, 1.88%, 26, 0, 3, 3051.68
1539315238, 18, 120, 136, 1, 0, 1.88%, 26, 0, 3, 3047.76
1539315243, 19, 100, 136, 1, 0, 1.88%, 26, 0, 3, 3087.39
1539315248, 20, 61, 136, 1, 0, 1.88%, 26, 0, 3, 3025.20
1539315253, 20, 131, 136, 1, 0, 1.88%, 26, 0, 3, 3007.29
1539315259, 21, 104, 136, 1, 0, 1.88%, 26, 0, 3, 3037.49
1539315264, 22, 83, 136, 1, 0, 1.88%, 26, 0, 3, 3110.25
1539315269, 23, 23, 136, 1, 0, 1.88%, 26, 0, 3, 3121.05
1539315274, 23, 114, 136, 1, 0, 1.88%, 26, 0, 3, 3135.96
1539315279, 24, 89, 136, 1, 0, 1.88%, 26, 0, 3, 3052.46
1539315284, 25, 23, 136, 1, 0, 1.88%, 26, 0, 3, 2999.42
1539315290, 25, 121, 136, 1, 0, 1.88%, 26, 0, 3, 3105.86
1539315295, 26, 102, 136, 1, 0, 1.88%, 26, 0, 3, 3145.00
1539315300, 27, 77, 136, 1, 0, 1.88%, 26, 0, 3, 3136.56
1539315305, 28, 12, 136, 1, 0, 1.88%, 26, 0, 3, 3146.58
1539315310, 28, 102, 136, 0, 0, 1.88%, 26, 0, 3, 3179.32
1539315315, 29, 69, 136, 0, 0, 1.88%, 26, 0, 3, 3165.44
1539315320, 29, 133, 136, 0, 0, 1.88%, 26, 0, 3, 3025.77
1539315326, 30, 100, 136, 0, 0, 1.88%, 26, 0, 3, 2956.02
1539315331, 31, 61, 136, 0, 0, 1.88%, 26, 0, 3, 3073.17
1539315336, 31, 133, 136, 0, 0, 1.88%, 26, 0, 3, 3101.03
1539315341, 32, 103, 136, 0, 0, 1.88%, 26, 0, 3, 3120.57
1539315346, 33, 69, 136, 0, 0, 1.88%, 26, 0, 3, 3105.38
1539315351, 34, 10, 136, 0, 0, 1.88%, 26, 0, 3, 3025.95
1539315357, 34, 120, 136, 0, 0, 1.88%, 26, 0, 3, 3058.37
1539315362, 35, 104, 136, 0, 0, 1.88%, 26, 0, 3, 3093.02
1539315367, 36, 83, 136, 0, 0, 1.88%, 26, 0, 3, 3011.13
1539315372, 36, 127, 136, 0, 0, 1.88%, 26, 0, 3, 2963.66
1539315377, 37, 104, 136, 0, 0, 1.88%, 26, 0, 3, 3105.54
1539315382, 38, 89, 136, 0, 0, 1.88%, 26, 0, 3, 3081.03
1539315388, 39, 3, 136, 0, 0, 1.88%, 26, 0, 3, 3088.99
1539315393, 39, 120, 136, 0, 0, 1.88%, 26, 0, 3, 3096.68
1539315398, 40, 98, 136, 0, 0, 1.88%, 26, 0, 3, 3057.67
1539315403, 41, 58, 136, 0, 0, 1.88%, 26, 0, 3, 3073.11
1539315408, 41, 123, 136, 0, 0, 1.88%, 26, 0, 3, 3046.62
1539315413, 42, 95, 136, 0, 0, 1.88%, 26, 0, 3, 3120.85
1539315418, 43, 30, 136, 0, 0, 1.88%, 26, 0, 3, 3088.97
1539315424, 43, 119, 136, 0, 0, 1.88%, 26, 0, 3, 3083.37
1539315429, 44, 96, 136, 0, 0, 1.88%, 26, 0, 3, 3067.44
1539315434, 45, 48, 136, 0, 0, 1.88%, 26, 0, 3, 3129.37
1539315439, 45, 123, 136, 0, 0, 1.88%, 26, 0, 3, 3088.25
1539315444, 46, 96, 136, 0, 0, 1.88%, 26, 0, 3, 3109.78
1539315449, 47, 44, 136, 0, 0, 1.88%, 26, 0, 3, 3016.68
1539315455, 47, 121, 136, 0, 0, 1.88%, 26, 0, 3, 3033.13
