# unix_time, cycles_done, cur_path, paths_total, pending_total, pending_favs, map_size, unique_crashes, unique_hangs, max_depth, execs_per_sec
1539305805, 0, 0, 6, 6, 6, 1.49%, 0, 0, 1, 2666.67
1539305810, 0, 0, 117, 117, 6, 1.88%, 11, 0, 2, 3199.38
1539305815, 0, 0, 119, 119, 6, 1.88%, 11, 0, 2, 3188.47
1539305820, 0, 35, 119, 116, 24, 1.88%, 13, 0, 2, 3157.11
1539305825, 0, 56, 119, 112, 21, 1.88%, 14, 0, 2, 3082.12
1539305830, 0, 66, 119, 109, 18, 1.88%, 15, 0, 2, 3136.13
1539305835, 0, 73, 119, 106, 15, 1.88%, 15, 0, 2, 3144.64
1539305841, 0, 79, 119, 104, 13, 1.88%, 16, 0, 2, 3125.53
1539305846, 0, 85, 119, 101, 10, 1.88%, 16, 0, 2, 2991.89
1539305851, 0, 94, 119, 98, 7, 1.88%, 16, 0, 2, 2979.44
1539305856, 0, 103, 119, 95, 4, 1.88%, 16, 0, 2, 2929.50
1539305861, 0, 111, 119, 93, 2, 1.88%, 16, 0, 2, 2872.84
1539305866, 1, 7, 119, 90, 0, 1.88%, 17, 0, 2, 2846.45
1539305871, 1, 22, 119, 87, 0, 1.88%, 17, 0, 2, 2913.08
1539305876, 1, 51, 119, 83, 0, 1.88%, 17, 0, 2, 3031.93
1539305881, 1, 62, 119, 80, 0, 1.88%, 17, 0, 2, 3131.05
1539305886, 1, 70, 119, 78, 0, 1.88%, 17, 0, 2, 3127.87
1539305891, 1, 78, 119, 75, 0, 1.88%, 17, 0, 2, 3014.89
1539305896, 1, 115, 119, 73, 0, 1.88%, 17, 0, 2, 3044.22
1539305902, 2, 9, 119, 70, 0, 1.88%, 17, 0, 2, 3196.17
1539305907, 2, 19, 119, 68, 0, 1.88%, 17, 0, 2, 3013.05
1539305912, 2, 36, 119, 65, 0, 1.88%, 17, 0, 2, 3022.85
1539305917, 2, 53, 119, 62, 0, 1.88%, 17, 0, 2, 3173.52
1539305922, 2, 65, 119, 59, 0, 1.88%, 17, 0, 2, 3299.13
1539305927, 2, 83, 119, 57, 0, 1.88%, 17, 0, 2, 3177.31
1539305932, 2, 108, 119, 56, 0, 1.88%, 17, 0, 2, 3167.72
1539305937, 2, 113, 119, 54, 0, 1.88%, 17, 0, 2, 3160.00
1539305943, 3, 3, 119, 51, 0, 1.88%, 17, 0, 2, 3180.72
1539305948, 3, 18, 119, 49, 0, 1.88%, 17, 0, 2, 3099.05
1539305953, 3, 42, 119, 45, 0, 1.88%, 17, 0, 2, 3262.56
1539305958, 3, 64, 119, 43, 0, 1.88%, 17, 0, 2, 3067.26
1539305963, 4, 28, 119, 40, 0, 1.88%, 17, 0, 2, 2926.94
1539305968, 4, 52, 119, 37, 0, 1.88%, 17, 0, 2, 2908.59
1539305973, 4, 79, 119, 35, 0, 1.88%, 17, 0, 2, 2926.65
1539305978, 4, 84, 119, 34, 0, 1.88%, 17, 0, 2, 2963.18
1539305983, 4, 107, 119, 31, 0, 1.88%, 17, 0, 2, 3017.99
1539305988, 5, 1, 119, 29, 0, 1.88%, 17, 0, 2, 3110.77
1539305993, 5, 55, 119, 26, 0, 1.88%, 17, 0, 2, 3227.68
1539305999, 5, 113, 119, 26, 0, 1.88%, 17, 0, 2, 3200.99
1539306004, 6, 53, 119, 24, 0, 1.88%, 17, 0, 2, 3188.09
1539306009, 6, 89, 119, 23, 0, 1.88%, 17, 0, 2, 3155.47
1539306014, 7, 3, 119, 21, 0, 1.88%, 17, 0, 2, 3190.88
1539306019, 7, 61, 119, 19, 0, 1.88%, 17, 0, 2, 3154.32
1539306024, 7, 90, 119, 18, 0, 1.88%, 17, 0, 2, 3137.99
1539306030, 7, 114, 119, 16, 0, 1.88%, 17, 0, 2, 3155.62
1539306035, 8, 47, 119, 14, 0, 1.88%, 17, 0, 2, 3141.76
1539306040, 8, 74, 120, 14, 0, 1.88%, 17, 0, 3, 3128.46
1539306045, 8, 98, 120, 12, 0, 1.88%, 17, 0, 3, 3124.54
1539306050, 8, 106, 120, 10, 0, 1.88%, 17, 0, 3, 3100.46
1539306055, 9, 41, 120, 8, 0, 1.88%, 17, 0, 3, 3169.90
1539306060, 9, 101, 120, 7, 0, 1.88%, 17, 0, 3, 3159.33
1539306065, 10, 61, 120, 6, 0, 1.88%, 17, 0, 3, 3165.07
1539306070, 11, 11, 120, 6, 0, 1.88%, 17, 0, 3, 3181.38
1539306076, 11, 73, 120, 4, 0, 1.88%, 17, 0, 3, 3172.04
1539306081, 11, 111, 120, 3, 0, 1.88%, 17, 0, 3, 3179.31
1539306086, 12, 94, 120, 3, 0, 1.88%, 17, 0, 3, 3195.58
1539306091, 13, 80, 120, 3, 0, 1.88%, 17, 0, 3, 3226.29
1539306096, 14, 64, 120, 3, 0, 1.88%, 17, 0, 3, 3208.78
1539306101, 15, 44, 120, 3, 0, 1.88%, 17, 0, 3, 3223.25
1539306106, 15, 104, 120, 3, 0, 1.88%, 17, 0, 3, 3225.63
1539306112, 16, 89, 120, 3, 0, 1.88%, 17, 0, 3, 3211.21
1539306117, 17, 77, 120, 3, 0, 1.88%, 17, 0, 3, 3187.45
1539306122, 18, 54, 120, 3, 0, 1.88%, 17, 0, 3, 3229.45
1539306127, 18, 105, 120, 3, 0, 1.88%, 17, 0, 3, 3203.23
1539306132, 18, 119, 120, 2, 0, 1.88%, 17, 0, 3, 3182.66
1539306137, 19, 93, 120, 1, 0, 1.88%, 17, 0, 3, 3122.65
1539306142, 20, 74, 120, 1, 0, 1.88%, 17, 0, 3, 3124.55
1539306148, 21, 46, 120, 1, 0, 1.88%, 17, 0, 3, 3141.05
1539306153, 21, 111, 120, 1, 0, 1.88%, 17, 0, 3, 3067.30
1539306158, 22, 81, 120, 1, 0, 1.88%, 17, 0, 3, 2980.83
1539306163, 23, 74, 120, 1, 0, 1.88%, 17, 0, 3, 3164.08
1539306168, 23, 104, 120, 0, 0, 1.88%, 17, 0, 3, 3178.26
1539306173, 24, 80, 120, 0, 0, 1.88%, 17, 0, 3, 3152.92
1539306179, 25, 64, 120, 0, 0, 1.88%, 17, 0, 3, 3190.96
1539306184, 26, 10, 120, 0, 0, 1.88%, 17, 0, 3, 3205.65
1539306189, 26, 100, 120, 0, 0, 1.88%, 17, 0, 3, 3246.00
1539306194, 27, 80, 120, 0, 0, 1.88%, 18, 0, 3, 3233.73
1539306199, 28, 74, 120, 0, 0, 1.88%, 18, 0, 3, 3201.11
1539306204, 29, 58, 120, 0, 0, 1.88%, 18, 0, 3, 3218.55
1539306210, 30, 23, 120, 0, 0, 1.88%, 18, 0, 3, 3191.87
1539306215, 30, 111, 120, 0, 0, 1.88%, 18, 0, 3, 3150.79
1539306220, 31, 88, 120, 0, 0, 1.88%, 18, 0, 3, 3138.76
1539306225, 32, 67, 120, 0, 0, 1.88%, 18, 0, 3, 3221.56
1539306230, 33, 16, 120, 0, 0, 1.88%, 18, 0, 3, 3214.60
1539306235, 33, 103, 120, 0, 0, 1.88%, 18, 0, 3, 3202.14
1539306240, 34, 88, 120, 0, 0, 1.88%, 18, 0, 3, 3203.01
1539306246, 35, 67, 120, 0, 0, 1.88%, 18, 0, 3, 3245.03
1539306251, 36, 44, 120, 0, 0, 1.88%, 19, 0, 3, 3231.02
1539306256, 36, 119, 120, 0, 0, 1.88%, 19, 0, 3, 3204.75
1539306261, 37, 103, 120, 0, 0, 1.88%, 19, 0, 3, 3186.22
1539306266, 38, 87, 120, 0, 0, 1.88%, 19, 0, 3, 3207.52
1539306271, 39, 73, 120, 0, 0, 1.88%, 19, 0, 3, 3205.49
1539306277, 40, 55, 120, 0, 0, 1.88%, 19, 0, 3, 3233.31
1539306282, 41, 10, 120, 0, 0, 1.88%, 19, 0, 3, 3213.89
1539306287, 41, 94, 120, 0, 0, 1.88%, 19, 0, 3, 3195.07
1539306292, 42, 73, 120, 0, 0, 1.88%, 19, 0, 3, 3204.66
1539306297, 43, 10, 120, 0, 0, 1.88%, 19, 0, 3, 3206.03
1539306302, 43, 111, 120, 0, 0, 1.88%, 19, 0, 3, 3215.14
1539306307, 44, 91, 120, 0, 0, 1.88%, 19, 0, 3, 3232.64
1539306313, 45, 78, 120, 0, 0, 1.88%, 19, 0, 3, 3236.97
1539306318, 46, 64, 120, 0, 0, 1.88%, 19, 0, 3, 3188.35
1539306323, 47, 3, 120, 0, 0, 1.88%, 19, 0, 3, 3216.87
1539306328, 47, 94, 120, 0, 0, 1.88%, 19, 0, 3, 3241.73
1539306333, 48, 78, 120, 0, 0, 1.88%, 19, 0, 3, 3220.23
1539306338, 49, 61, 120, 0, 0, 1.88%, 19, 0, 3, 3233.11
1539306344, 50, 23, 120, 0, 0, 1.88%, 19, 0, 3, 3102.78
1539306349, 50, 103, 120, 0, 0, 1.88%, 19, 0, 3, 3190.21
1539306354, 51, 79, 120, 0, 0, 1.88%, 19, 0, 3, 3242.06
1539306359, 52, 64, 120, 0, 0, 1.88%, 19, 0, 3, 3234.75
1539306364, 53, 0, 120, 0, 0, 1.88%, 19, 0, 3, 3190.71
1539306369, 53, 94, 120, 0, 0, 1.88%, 20, 0, 3, 3174.32
1539306374, 54, 80, 120, 0, 0, 1.88%, 20, 0, 3, 3196.01
1539306380, 55, 55, 120, 0, 0, 1.88%, 20, 0, 3, 3119.02
1539306385, 56, 10, 120, 0, 0, 1.88%, 20, 0, 3, 3099.45
1539306390, 56, 111, 120, 0, 0, 1.88%, 20, 0, 3, 3096.07
1539306395, 57, 86, 120, 0, 0, 1.88%, 20, 0, 3, 3161.20
1539306400, 58, 77, 120, 0, 0, 1.88%, 20, 0, 3, 3131.93
