# unix_time, cycles_done, cur_path, paths_total, pending_total, pending_favs, map_size, unique_crashes, unique_hangs, max_depth, execs_per_sec
1539303994, 0, 0, 6, 6, 6, 1.49%, 0, 0, 1, 2526.32
1539303999, 0, 0, 135, 135, 6, 1.88%, 2, 0, 2, 3009.72
1539304005, 0, 0, 136, 136, 6, 1.88%, 8, 0, 2, 3149.13
1539304010, 0, 10, 136, 134, 26, 1.88%, 8, 0, 2, 3027.82
1539304015, 0, 53, 136, 129, 21, 1.88%, 8, 0, 2, 3060.56
1539304020, 0, 70, 136, 127, 18, 1.88%, 9, 0, 2, 3055.63
1539304025, 0, 81, 136, 123, 14, 1.88%, 9, 0, 2, 3024.77
1539304030, 0, 91, 136, 121, 12, 1.88%, 9, 0, 2, 2991.70
1539304035, 0, 94, 136, 118, 9, 1.88%, 9, 0, 2, 2965.91
1539304040, 0, 103, 136, 115, 7, 1.88%, 9, 0, 2, 3061.58
1539304045, 0, 108, 136, 113, 5, 1.88%, 9, 0, 2, 2982.62
1539304050, 0, 133, 136, 110, 2, 1.88%, 9, 0, 2, 2987.74
1539304055, 1, 14, 136, 107, 0, 1.88%, 9, 0, 2, 3023.28
1539304060, 1, 61, 136, 102, 0, 1.88%, 9, 0, 2, 3166.89
1539304066, 1, 68, 136, 100, 0, 1.88%, 9, 0, 2, 3099.50
1539304071, 1, 80, 136, 97, 0, 1.88%, 9, 0, 2, 2992.81
1539304076, 1, 93, 136, 94, 0, 1.88%, 9, 0, 2, 3017.31
1539304081, 1, 105, 136, 93, 0, 1.88%, 9, 0, 2, 2967.46
1539304086, 1, 124, 136, 90, 0, 1.88%, 9, 0, 2, 3012.40
1539304091, 1, 135, 136, 88, 0, 1.88%, 9, 0, 2, 2972.01
1539304096, 2, 7, 136, 85, 0, 1.88%, 9, 0, 2, 3014.03
1539304101, 2, 15, 136, 83, 0, 1.88%, 9, 0, 2, 3007.52
1539304106, 2, 37, 136, 80, 0, 1.88%, 9, 0, 2, 3033.51
1539304111, 2, 56, 136, 77, 0, 1.88%, 9, 0, 2, 2725.58
1539304116, 2, 87, 136, 74, 0, 1.88%, 9, 0, 2, 2924.31
1539304121, 2, 104, 136, 72, 0, 1.88%, 9, 0, 2, 3045.78
1539304127, 2, 113, 136, 70, 0, 1.88%, 9, 0, 2, 3028.35
1539304132, 2, 120, 136, 68, 0, 1.88%, 9, 0, 2, 2983.03
1539304137, 2, 130, 136, 65, 0, 1.88%, 9, 0, 2, 3016.88
1539304142, 3, 24, 136, 63, 0, 1.88%, 9, 0, 2, 3026.38
1539304147, 3, 36, 136, 60, 0, 1.88%, 9, 0, 2, 3063.15
1539304152, 3, 52, 136, 57, 0, 1.88%, 9, 0, 2, 3050.39
1539304158, 3, 69, 136, 55, 0, 1.88%, 9, 0, 2, 3009.76
1539304163, 3, 89, 136, 53, 0, 1.88%, 9, 0, 2, 3058.21
1539304168, 3, 98, 136, 52, 0, 1.88%, 9, 0, 2, 3019.89
1539304173, 3, 112, 136, 50, 0, 1.88%, 9, 0, 2, 2990.66
1539304178, 3, 129, 136, 47, 0, 1.88%, 9, 0, 2, 3034.48
1539304183, 4, 3, 136, 45, 0, 1.88%, 9, 0, 2, 3016.30
1539304188, 4, 41, 136, 43, 0, 1.88%, 9, 0, 2, 3049.86
1539304193, 4, 71, 136, 41, 0, 1.88%, 9, 0, 2, 3019.61
1539304198, 4, 78, 136, 39, 0, 1.88%, 9, 0, 2, 2967.87
1539304204, 4, 94, 136, 37, 0, 1.88%, 9, 0, 2, 3038.33
1539304209, 4, 126, 136, 35, 0, 1.88%, 9, 0, 2, 3092.38
1539304214, 5, 22, 136, 33, 0, 1.88%, 9, 0, 2, 3102.61
1539304219, 5, 48, 136, 30, 0, 1.88%, 9, 0, 2, 3118.08
1539304224, 5, 65, 136, 28, 0, 1.88%, 9, 0, 2, 3050.66
1539304229, 5, 85, 136, 26, 0, 1.88%, 9, 0, 2, 3018.98
1539304234, 5, 123, 136, 24, 0, 1.88%, 9, 0, 2, 3041.36
1539304239, 6, 21, 136, 22, 0, 1.88%, 9, 0, 2, 3013.83
1539304244, 6, 49, 136, 20, 0, 1.88%, 9, 0, 2, 3071.30
1539304249, 6, 74, 136, 19, 0, 1.88%, 9, 0, 2, 3076.10
1539304254, 6, 111, 136, 17, 0, 1.88%, 9, 0, 2, 3033.97
1539304259, 7, 3, 136, 15, 0, 1.88%, 9, 0, 2, 3044.52
1539304265, 7, 62, 136, 14, 0, 1.88%, 9, 0, 2, 3195.77
1539304270, 7, 122, 136, 13, 0, 1.88%, 10, 0, 2, 3127.89
1539304275, 8, 26, 136, 11, 0, 1.88%, 10, 0, 2, 3085.75
1539304280, 8, 102, 136, 11, 0, 1.88%, 10, 0, 2, 3086.74
1539304285, 8, 134, 136, 9, 0, 1.88%, 10, 0, 2, 3043.78
1539304290, 9, 79, 136, 8, 0, 1.88%, 10, 0, 2, 3160.11
1539304295, 10, 38, 136, 8, 0, 1.88%, 10, 0, 2, 3154.26
1539304301, 10, 60, 136, 5, 0, 1.88%, 10, 0, 2, 3118.37
1539304306, 10, 108, 136, 4, 0, 1.88%, 10, 0, 2, 3040.87
1539304311, 11, 53, 136, 3, 0, 1.88%, 10, 0, 2, 3057.27
1539304316, 12, 1, 136, 3, 0, 1.88%, 10, 0, 2, 3077.98
1539304321, 12, 94, 136, 3, 0, 1.88%, 10, 0, 2, 3086.37
1539304327, 13, 48, 136, 3, 0, 1.88%, 10, 0, 2, 3024.76
1539304332, 14, 1, 136, 3, 0, 1.88%, 10, 0, 2, 3102.03
1539304337, 14, 73, 136, 2, 0, 1.88%, 10, 0, 2, 3102.08
1539304342, 15, 41, 136, 2, 0, 1.88%, 10, 0, 2, 3135.13
1539304347, 15, 121, 136, 2, 0, 1.88%, 10, 0, 2, 3132.07
1539304352, 16, 65, 136, 1, 0, 1.88%, 10, 0, 2, 3092.41
1539304357, 16, 134, 136, 1, 0, 1.88%, 10, 0, 2, 3129.27
1539304363, 17, 82, 136, 1, 0, 1.88%, 10, 0, 2, 3114.03
1539304368, 18, 41, 136, 1, 0, 1.88%, 10, 0, 2, 3122.88
1539304373, 18, 123, 136, 1, 0, 1.88%, 10, 0, 2, 3152.95
1539304378, 19, 76, 136, 1, 0, 1.88%, 10, 0, 2, 3124.53
1539304383, 20, 36, 136, 1, 0, 1.88%, 10, 0, 2, 3138.88
1539304388, 20, 93, 136, 0, 0, 1.88%, 10, 0, 2, 3071.52
1539304394, 21, 70, 136, 0, 0, 1.88%, 10, 0, 2, 3093.86
1539304399, 22, 19, 136, 0, 0, 1.88%, 10, 0, 2, 3083.31
1539304404, 22, 103, 136, 0, 0, 1.88%, 10, 0, 2, 3050.31
1539304409, 23, 73, 136, 0, 0, 1.88%, 10, 0, 2, 2862.37
1539304414, 24, 34, 136, 0, 0, 1.88%, 10, 0, 2, 3062.19
1539304419, 24, 123, 136, 0, 0, 1.88%, 10, 0, 2, 3114.88
1539304424, 25, 78, 136, 0, 0, 1.88%, 10, 0, 2, 3083.89
1539304430, 26, 23, 136, 0, 0, 1.88%, 10, 0, 2, 3097.82
1539304435, 26, 108, 136, 0, 0, 1.88%, 10, 0, 2, 3105.58
1539304440, 27, 81, 136, 0, 0, 1.88%, 10, 0, 2, 3109.09
1539304445, 28, 56, 136, 0, 0, 1.88%, 10, 0, 2, 3128.15
1539304450, 29, 1, 136, 0, 0, 1.88%, 10, 0, 2, 3082.68
1539304455, 29, 99, 136, 0, 0, 1.88%, 10, 0, 2, 3090.53
1539304460, 30, 61, 136, 0, 0, 1.88%, 10, 0, 2, 3080.31
1539304466, 31, 8, 136, 0, 0, 1.88%, 10, 0, 2, 3146.94
1539304471, 31, 99, 136, 0, 0, 1.88%, 10, 0, 2, 3089.37
1539304476, 32, 66, 136, 0, 0, 1.88%, 10, 0, 2, 3104.00
1539304481, 33, 1, 136, 0, 0, 1.88%, 10, 0, 2, 3075.55
1539304486, 33, 101, 136, 0, 0, 1.88%, 10, 0, 2, 3120.63
1539304491, 34, 65, 136, 0, 0, 1.88%, 10, 0, 2, 3131.82
1539304497, 35, 36, 136, 0, 0, 1.88%, 10, 0, 2, 3107.52
1539304502, 35, 121, 136, 0, 0, 1.88%, 10, 0, 2, 3142.65
1539304507, 36, 79, 136, 0, 0, 1.88%, 10, 0, 2, 3140.35
1539304512, 37, 48, 136, 0, 0, 1.88%, 10, 0, 2, 3135.04
1539304517, 37, 123, 136, 0, 0, 1.88%, 10, 0, 2, 3084.11
1539304522, 38, 81, 136, 0, 0, 1.88%, 10, 0, 2, 3085.91
1539304527, 39, 48, 136, 0, 0, 1.88%, 10, 0, 2, 3126.66
1539304533, 39, 132, 136, 0, 0, 1.88%, 10, 0, 2, 3149.51
1539304538, 40, 81, 136, 0, 0, 1.88%, 10, 0, 2, 3117.15
1539304543, 41, 57, 136, 0, 0, 1.88%, 10, 0, 2, 3140.25
1539304548, 42, 5, 136, 0, 0, 1.88%, 10, 0, 2, 3119.06
1539304553, 42, 102, 136, 0, 0, 1.88%, 10, 0, 2, 3091.54
1539304558, 43, 81, 136, 0, 0, 1.88%, 10, 0, 2, 3149.99
1539304564, 44, 51, 136, 0, 0, 1.88%, 10, 0, 2, 3121.81
1539304569, 45, 1, 136, 0, 0, 1.88%, 10, 0, 2, 3161.25
1539304574, 45, 94, 136, 0, 0, 1.88%, 10, 0, 2, 3139.60
1539304579, 46, 70, 136, 0, 0, 1.88%, 10, 0, 2, 3084.75
1539304584, 47, 41, 136, 0, 0, 1.88%, 10, 0, 2, 2962.93
1539304589, 47, 108, 136, 0, 0, 1.88%, 10, 0, 2, 2896.53
