# unix_time, cycles_done, cur_path, paths_total, pending_total, pending_favs, map_size, unique_crashes, unique_hangs, max_depth, execs_per_sec
1539330550, 0, 0, 6, 6, 5, 1.74%, 0, 0, 1, 2666.67
1539330555, 0, 0, 88, 88, 5, 1.93%, 0, 0, 2, 2582.82
1539330561, 0, 0, 315, 315, 5, 2.09%, 0, 0, 2, 2974.86
1539330566, 0, 3, 330, 329, 64, 2.10%, 0, 0, 2, 3011.01
1539330571, 0, 19, 331, 329, 63, 2.10%, 0, 0, 2, 2917.73
1539330576, 0, 21, 331, 328, 62, 2.10%, 0, 0, 2, 3053.38
1539330581, 0, 27, 331, 327, 61, 2.10%, 0, 0, 2, 2930.71
1539330586, 0, 32, 331, 326, 60, 2.10%, 0, 0, 2, 3044.16
1539330591, 0, 49, 332, 326, 59, 2.10%, 0, 0, 3, 3018.36
1539330596, 0, 56, 333, 326, 58, 2.10%, 0, 0, 3, 2892.29
1539330601, 0, 56, 341, 334, 58, 2.11%, 0, 0, 3, 3061.44
1539330606, 0, 56, 354, 347, 58, 2.11%, 0, 0, 3, 3136.93
1539330611, 0, 63, 356, 348, 61, 2.12%, 0, 0, 3, 2919.10
1539330616, 0, 63, 364, 356, 61, 2.12%, 0, 0, 3, 3045.33
1539330622, 0, 63, 367, 359, 61, 2.12%, 0, 0, 3, 3114.87
1539330627, 0, 67, 369, 360, 63, 2.13%, 0, 0, 3, 2928.07
1539330632, 0, 92, 369, 359, 62, 2.13%, 0, 0, 3, 2862.05
1539330637, 0, 102, 369, 358, 61, 2.13%, 0, 0, 3, 2850.65
1539330642, 0, 103, 369, 357, 60, 2.13%, 0, 0, 3, 3050.64
1539330647, 0, 113, 369, 355, 58, 2.13%, 0, 0, 3, 3336.55
1539330652, 0, 117, 369, 354, 57, 2.13%, 0, 0, 3, 3261.35
1539330657, 0, 120, 369, 353, 56, 2.13%, 0, 0, 3, 2951.89
1539330662, 0, 138, 369, 351, 54, 2.13%, 0, 0, 3, 2906.18
1539330667, 0, 139, 369, 350, 53, 2.13%, 0, 0, 3, 2879.90
1539330672, 0, 140, 369, 349, 52, 2.13%, 0, 0, 3, 3113.02
1539330677, 0, 149, 370, 349, 51, 2.13%, 0, 0, 3, 3262.92
1539330682, 0, 149, 376, 355, 51, 2.13%, 0, 0, 3, 3211.87
1539330688, 0, 149, 380, 359, 51, 2.13%, 0, 0, 3, 3281.69
1539330693, 0, 155, 381, 359, 52, 2.13%, 0, 0, 3, 2902.58
1539330698, 0, 172, 381, 357, 51, 2.13%, 0, 0, 3, 3065.50
1539330703, 0, 172, 385, 361, 51, 2.13%, 0, 0, 3, 2970.55
1539330708, 0, 172, 392, 368, 51, 2.14%, 0, 0, 3, 3042.29
1539330713, 0, 173, 395, 370, 56, 2.15%, 0, 0, 3, 2987.38
1539330718, 0, 177, 395, 369, 55, 2.15%, 0, 0, 3, 2844.65
1539330723, 0, 185, 395, 368, 54, 2.15%, 0, 0, 3, 3223.86
1539330728, 0, 195, 395, 367, 53, 2.15%, 0, 0, 3, 2909.50
1539330733, 0, 195, 401, 373, 53, 2.15%, 0, 0, 3, 2840.16
1539330738, 0, 195, 404, 376, 53, 2.15%, 0, 0, 3, 2841.25
1539330744, 0, 201, 407, 378, 54, 2.15%, 0, 0, 3, 2785.60
1539330749, 0, 216, 407, 377, 53, 2.15%, 0, 0, 3, 2788.48
1539330754, 0, 222, 407, 376, 52, 2.15%, 0, 0, 3, 2854.52
1539330759, 0, 223, 407, 375, 52, 2.15%, 0, 0, 3, 2832.36
1539330764, 0, 223, 408, 376, 52, 2.15%, 0, 0, 3, 2778.59
1539330769, 0, 225, 409, 376, 52, 2.15%, 0, 0, 3, 3008.80
1539330774, 0, 226, 409, 375, 51, 2.15%, 0, 0, 3, 2866.56
1539330779, 0, 228, 409, 374, 50, 2.15%, 0, 0, 3, 2789.24
1539330784, 0, 233, 409, 373, 49, 2.15%, 0, 0, 3, 2822.41
1539330789, 0, 234, 409, 372, 49, 2.15%, 0, 0, 3, 2868.23
1539330794, 0, 238, 409, 371, 48, 2.15%, 0, 0, 3, 2781.74
1539330799, 0, 241, 409, 370, 47, 2.15%, 0, 0, 3, 2915.63
1539330804, 0, 250, 409, 369, 47, 2.15%, 0, 0, 3, 2757.78
1539330810, 0, 252, 409, 368, 46, 2.15%, 0, 0, 3, 2832.80
1539330815, 0, 257, 409, 367, 45, 2.15%, 0, 0, 3, 2856.66
1539330820, 0, 270, 409, 366, 44, 2.15%, 0, 0, 3, 2687.14
1539330830, 0, 271, 409, 365, 43, 2.15%, 0, 0, 3, 2719.82
1539330835, 0, 272, 409, 364, 42, 2.15%, 0, 0, 3, 2744.68
1539330840, 0, 275, 409, 363, 41, 2.15%, 0, 0, 3, 2727.97
1539330845, 0, 285, 409, 362, 40, 2.15%, 0, 0, 3, 2837.37
1539330850, 0, 290, 410, 362, 39, 2.15%, 0, 0, 3, 2937.29
1539330855, 0, 293, 411, 362, 39, 2.15%, 0, 0, 3, 2849.55
1539330860, 0, 305, 411, 361, 38, 2.15%, 0, 0, 3, 2814.99
1539330871, 0, 310, 411, 360, 37, 2.15%, 0, 0, 3, 2665.93
1539330876, 0, 312, 411, 359, 36, 2.15%, 0, 0, 3, 2793.04
1539330881, 0, 320, 412, 359, 35, 2.15%, 0, 0, 3, 2669.68
1539330886, 0, 323, 412, 358, 35, 2.15%, 0, 0, 3, 2643.91
1539330891, 0, 323, 413, 359, 35, 2.15%, 0, 0, 3, 2659.75
1539330896, 0, 325, 413, 358, 34, 2.15%, 0, 0, 3, 2913.69
1539330901, 0, 328, 413, 357, 33, 2.15%, 0, 0, 3, 2769.80
1539330906, 0, 329, 413, 356, 32, 2.15%, 0, 0, 3, 2817.59
1539330911, 0, 330, 413, 355, 31, 2.15%, 0, 0, 3, 2917.44
1539330916, 0, 339, 413, 354, 30, 2.15%, 0, 0, 3, 2844.49
1539330921, 0, 340, 414, 354, 30, 2.16%, 0, 0, 4, 2654.84
1539330926, 0, 345, 414, 353, 29, 2.16%, 0, 0, 4, 2723.38
1539330931, 0, 347, 415, 353, 30, 2.16%, 0, 0, 4, 2813.90
1539330941, 0, 355, 415, 352, 29, 2.16%, 0, 0, 4, 2559.33
1539330946, 0, 358, 415, 351, 28, 2.16%, 0, 0, 4, 2606.94
1539330951, 0, 359, 415, 350, 27, 2.16%, 1, 0, 4, 2654.98
1539330961, 0, 360, 415, 349, 26, 2.16%, 1, 0, 4, 2646.64
1539330966, 0, 362, 415, 348, 26, 2.16%, 1, 0, 4, 2713.96
1539330972, 0, 368, 415, 347, 24, 2.16%, 1, 0, 4, 2774.98
1539330982, 0, 370, 415, 346, 23, 2.16%, 1, 0, 4, 2667.73
1539330987, 0, 371, 415, 345, 22, 2.16%, 1, 0, 4, 2636.73
1539330992, 0, 373, 415, 344, 21, 2.16%, 1, 0, 4, 2669.87
1539331002, 0, 376, 415, 343, 20, 2.16%, 1, 0, 4, 2577.31
1539331007, 0, 378, 415, 342, 19, 2.16%, 1, 0, 4, 2646.33
1539331017, 0, 379, 416, 342, 18, 2.16%, 1, 0, 4, 2795.11
1539331023, 0, 380, 416, 341, 17, 2.16%, 1, 0, 4, 2673.73
1539331028, 0, 381, 416, 340, 16, 2.16%, 1, 0, 4, 2765.39
1539331033, 0, 385, 417, 340, 15, 2.16%, 1, 0, 4, 2943.94
1539331043, 0, 386, 417, 339, 14, 2.16%, 9, 0, 4, 2665.24
1539331048, 0, 386, 420, 342, 14, 2.16%, 11, 0, 4, 2675.93
1539331053, 0, 387, 420, 341, 13, 2.16%, 16, 0, 4, 2824.55
1539331058, 0, 391, 420, 340, 12, 2.16%, 16, 0, 4, 2866.69
1539331063, 0, 394, 421, 340, 11, 2.16%, 16, 0, 4, 2818.11
1539331068, 0, 396, 421, 339, 11, 2.16%, 16, 0, 4, 2817.41
1539331078, 0, 397, 421, 338, 10, 2.16%, 16, 0, 4, 2627.37
1539331083, 0, 399, 421, 337, 9, 2.16%, 16, 0, 4, 2580.46
1539331088, 0, 406, 422, 337, 8, 2.16%, 16, 0, 4, 2734.55
1539331098, 0, 407, 422, 336, 7, 2.16%, 16, 0, 4, 2734.77
1539331103, 0, 408, 424, 337, 6, 2.16%, 16, 0, 4, 2749.23
1539331108, 0, 409, 424, 336, 7, 2.16%, 16, 0, 4, 2775.07
1539331113, 0, 411, 424, 335, 6, 2.16%, 16, 0, 4, 2769.57
1539331123, 0, 413, 425, 335, 5, 2.17%, 16, 0, 5, 2836.41
1539331129, 0, 414, 425, 334, 5, 2.17%, 16, 0, 5, 2907.90
1539331134, 0, 420, 425, 333, 4, 2.17%, 16, 0, 5, 2847.49
1539331144, 0, 422, 426, 333, 3, 2.17%, 16, 0, 5, 2752.25
1539331149, 0, 423, 427, 333, 4, 2.17%, 16, 0, 5, 2787.03
