# unix_time, cycles_done, cur_path, paths_total, pending_total, pending_favs, map_size, unique_crashes, unique_hangs, max_depth, execs_per_sec
1539304598, 0, 0, 6, 6, 6, 1.19%, 0, 0, 1, 2666.67
1539304603, 0, 0, 98, 98, 6, 1.32%, 0, 0, 2, 2996.09
1539304608, 0, 0, 202, 202, 6, 1.37%, 0, 0, 2, 3093.10
1539304613, 0, 0, 213, 213, 6, 1.37%, 0, 0, 2, 3129.87
1539304618, 0, 1, 214, 213, 34, 1.37%, 0, 0, 2, 2878.75
1539304623, 0, 1, 232, 231, 34, 1.37%, 0, 0, 2, 2895.47
1539304628, 0, 1, 251, 250, 34, 1.39%, 0, 0, 2, 2888.52
1539304633, 0, 11, 253, 251, 33, 1.39%, 0, 0, 2, 2978.49
1539304638, 0, 24, 253, 250, 32, 1.39%, 0, 0, 2, 3099.80
1539304643, 0, 34, 253, 249, 32, 1.39%, 0, 0, 2, 3112.81
1539304648, 0, 36, 253, 248, 32, 1.39%, 0, 0, 2, 3130.29
1539304653, 0, 38, 254, 248, 31, 1.39%, 0, 0, 3, 3131.13
1539304659, 0, 44, 254, 247, 30, 1.39%, 0, 0, 3, 3068.69
1539304664, 0, 45, 254, 246, 29, 1.39%, 0, 0, 3, 3091.38
1539304669, 0, 56, 254, 245, 28, 1.39%, 0, 0, 3, 3117.80
1539304674, 0, 64, 256, 246, 26, 1.40%, 0, 0, 3, 3090.54
1539304679, 0, 70, 256, 245, 25, 1.40%, 0, 0, 3, 3079.91
1539304684, 0, 88, 256, 243, 23, 1.40%, 0, 0, 3, 3128.97
1539304689, 0, 105, 256, 242, 22, 1.40%, 0, 0, 3, 3029.56
1539304694, 0, 131, 256, 241, 21, 1.40%, 0, 0, 3, 3025.02
1539304699, 0, 144, 260, 244, 20, 1.40%, 0, 0, 3, 2916.50
1539304704, 0, 153, 260, 243, 19, 1.40%, 0, 0, 3, 2829.53
1539304709, 0, 158, 260, 242, 18, 1.40%, 0, 0, 3, 2826.88
1539304720, 0, 161, 260, 241, 17, 1.40%, 0, 0, 3, 2957.68
1539304725, 0, 165, 260, 240, 16, 1.40%, 0, 0, 3, 3010.54
1539304735, 0, 168, 260, 238, 14, 1.40%, 0, 0, 3, 3074.20
1539304740, 0, 176, 260, 237, 13, 1.40%, 0, 0, 3, 3047.86
1539304750, 0, 176, 266, 243, 13, 1.40%, 0, 0, 3, 2830.13
1539304755, 0, 176, 272, 249, 13, 1.42%, 0, 0, 3, 2888.37
1539304760, 0, 177, 278, 254, 18, 1.43%, 0, 0, 3, 2917.14
1539304771, 0, 183, 278, 253, 17, 1.43%, 0, 0, 3, 3017.60
1539304776, 0, 186, 278, 252, 16, 1.43%, 0, 0, 3, 3075.14
1539304781, 0, 190, 279, 252, 15, 1.43%, 0, 0, 3, 3100.25
1539304786, 0, 193, 279, 251, 14, 1.43%, 0, 0, 3, 3095.61
1539304791, 0, 222, 279, 250, 13, 1.43%, 0, 0, 3, 3050.54
1539304801, 0, 225, 280, 250, 13, 1.43%, 0, 0, 3, 2901.81
1539304806, 0, 226, 280, 249, 12, 1.43%, 0, 0, 3, 2851.75
1539304817, 0, 229, 280, 248, 11, 1.43%, 0, 0, 3, 2797.38
1539304822, 0, 236, 280, 247, 10, 1.43%, 0, 0, 3, 2827.81
1539304827, 0, 239, 280, 246, 9, 1.43%, 0, 0, 3, 2874.59
1539304837, 0, 245, 284, 249, 8, 1.44%, 0, 0, 3, 2873.63
1539304842, 0, 255, 286, 250, 11, 1.44%, 0, 0, 4, 2864.74
1539304852, 0, 260, 289, 252, 12, 1.45%, 0, 0, 4, 2901.13
1539304862, 0, 266, 291, 253, 11, 1.46%, 0, 0, 4, 2803.94
1539304873, 0, 276, 293, 254, 11, 1.47%, 0, 0, 4, 2802.20
1539304878, 0, 276, 297, 258, 11, 1.48%, 0, 0, 4, 2815.50
1539304883, 0, 276, 304, 265, 11, 1.53%, 0, 0, 4, 2875.60
1539304888, 0, 276, 312, 273, 11, 1.54%, 0, 0, 4, 2819.84
1539304893, 0, 279, 313, 273, 24, 1.54%, 0, 0, 4, 2910.49
1539304898, 0, 280, 313, 272, 23, 1.54%, 0, 0, 4, 2935.82
1539304903, 0, 281, 314, 272, 23, 1.54%, 0, 0, 4, 2918.89
1539304913, 0, 282, 314, 271, 22, 1.54%, 0, 0, 4, 2875.06
1539304919, 0, 283, 314, 270, 21, 1.54%, 0, 0, 4, 2858.38
1539304929, 0, 284, 314, 269, 20, 1.54%, 0, 0, 4, 2864.45
1539304934, 0, 285, 316, 270, 20, 1.55%, 0, 0, 5, 2909.68
1539304944, 0, 286, 317, 270, 20, 1.55%, 0, 0, 5, 2931.79
1539304954, 0, 287, 318, 270, 20, 1.55%, 0, 0, 5, 2957.18
1539304959, 0, 290, 318, 269, 20, 1.55%, 0, 0, 5, 2914.05
1539304970, 0, 291, 318, 268, 19, 1.55%, 0, 0, 5, 2835.79
1539304975, 0, 291, 320, 270, 19, 1.55%, 0, 0, 5, 2872.22
1539304980, 0, 292, 320, 269, 18, 1.55%, 0, 0, 5, 2806.76
1539304990, 0, 295, 322, 270, 17, 1.55%, 0, 0, 5, 2696.97
1539305000, 0, 295, 327, 275, 17, 1.74%, 0, 0, 5, 2761.51
1539305006, 0, 295, 333, 281, 17, 1.75%, 0, 0, 5, 2806.13
1539305011, 0, 296, 334, 281, 17, 1.75%, 0, 0, 5, 2779.99
1539305021, 0, 297, 335, 281, 16, 1.76%, 0, 0, 5, 2848.08
1539305026, 0, 300, 335, 280, 16, 1.76%, 0, 0, 5, 2915.25
1539305036, 0, 303, 338, 282, 15, 1.77%, 0, 0, 5, 2886.63
1539305041, 0, 303, 339, 283, 15, 1.77%, 0, 0, 5, 2944.80
1539305046, 0, 308, 339, 282, 16, 1.77%, 0, 0, 5, 2819.75
1539305051, 0, 309, 340, 282, 15, 1.77%, 0, 0, 5, 2798.14
1539305066, 0, 311, 341, 282, 14, 1.77%, 0, 0, 5, 2742.63
1539305077, 0, 312, 341, 281, 14, 1.77%, 0, 0, 5, 2804.75
1539305087, 0, 313, 341, 280, 13, 1.77%, 0, 0, 5, 2897.40
1539305092, 0, 314, 341, 279, 12, 1.77%, 0, 0, 5, 2880.19
1539305102, 0, 315, 341, 278, 11, 1.77%, 0, 0, 5, 2892.70
1539305107, 0, 316, 341, 277, 10, 1.77%, 0, 0, 5, 2870.02
1539305117, 0, 317, 341, 276, 9, 1.77%, 0, 0, 5, 2907.87
1539305123, 0, 321, 344, 278, 8, 1.77%, 0, 0, 6, 2920.30
1539305133, 0, 323, 365, 298, 7, 1.86%, 0, 0, 6, 2748.05
1539305138, 0, 323, 368, 301, 7, 1.86%, 0, 0, 6, 2776.38
1539305143, 0, 323, 381, 314, 7, 1.88%, 0, 0, 6, 2909.73
1539305148, 0, 323, 391, 324, 7, 1.88%, 0, 0, 6, 2970.48
1539305153, 0, 331, 394, 326, 18, 1.88%, 0, 0, 6, 2836.93
1539305163, 0, 336, 399, 330, 17, 1.89%, 0, 0, 6, 2664.72
1539305168, 0, 338, 401, 331, 21, 1.90%, 0, 0, 6, 2786.21
1539305178, 0, 340, 402, 331, 22, 1.90%, 0, 0, 6, 2684.99
1539305188, 0, 350, 402, 330, 21, 1.90%, 0, 0, 6, 2651.16
1539305193, 0, 350, 403, 331, 21, 1.90%, 0, 0, 7, 2782.83
