# unix_time, cycles_done, cur_path, paths_total, pending_total, pending_favs, map_size, unique_crashes, unique_hangs, max_depth, execs_per_sec
1539296147, 0, 0, 6, 6, 5, 1.74%, 0, 0, 1, 2526.32
1539296152, 0, 0, 86, 86, 5, 1.93%, 0, 0, 2, 2634.83
1539296157, 0, 0, 324, 324, 5, 2.07%, 3, 0, 2, 2841.20
1539296162, 0, 4, 354, 353, 70, 2.10%, 6, 0, 2, 2877.27
1539296168, 0, 4, 359, 358, 70, 2.11%, 6, 0, 2, 2880.50
1539296173, 0, 4, 363, 362, 70, 2.11%, 7, 0, 2, 2979.74
1539296178, 0, 7, 364, 362, 72, 2.11%, 7, 0, 2, 2987.20
1539296183, 0, 11, 365, 362, 71, 2.11%, 7, 0, 3, 2849.83
1539296188, 0, 25, 365, 361, 70, 2.11%, 8, 0, 3, 2928.92
1539296198, 0, 38, 366, 361, 69, 2.11%, 8, 0, 3, 2884.37
1539296203, 0, 54, 367, 361, 68, 2.11%, 8, 0, 3, 2710.77
1539296208, 0, 54, 375, 369, 68, 2.11%, 8, 0, 3, 2690.84
1539296213, 0, 54, 382, 376, 68, 2.11%, 9, 0, 3, 2725.09
1539296218, 0, 65, 382, 375, 65, 2.11%, 10, 0, 3, 2781.58
1539296223, 0, 74, 382, 374, 63, 2.11%, 10, 0, 3, 2859.71
1539296228, 0, 77, 384, 375, 64, 2.11%, 10, 0, 3, 2976.18
1539296233, 0, 90, 385, 375, 64, 2.12%, 10, 0, 3, 2931.32
1539296238, 0, 102, 386, 375, 63, 2.12%, 10, 0, 3, 2851.49
1539296243, 0, 108, 387, 375, 63, 2.12%, 10, 0, 3, 2953.10
1539296248, 0, 120, 387, 374, 62, 2.12%, 10, 0, 3, 2861.98
1539296253, 0, 120, 393, 380, 62, 2.13%, 14, 0, 3, 2906.38
1539296259, 0, 120, 395, 382, 62, 2.13%, 17, 0, 3, 2966.69
1539296264, 0, 131, 397, 383, 64, 2.13%, 21, 0, 3, 3087.52
1539296269, 0, 137, 397, 382, 63, 2.13%, 21, 0, 3, 2856.78
1539296274, 0, 144, 397, 381, 62, 2.13%, 21, 0, 3, 2762.93
1539296279, 0, 152, 397, 379, 60, 2.13%, 21, 0, 3, 2998.93
1539296284, 0, 159, 397, 378, 59, 2.13%, 21, 0, 3, 2801.67
1539296289, 0, 159, 400, 381, 59, 2.13%, 21, 0, 3, 2881.43
1539296294, 0, 167, 400, 379, 58, 2.13%, 21, 0, 3, 2855.12
1539296299, 0, 169, 400, 378, 57, 2.13%, 21, 0, 3, 2901.89
1539296305, 0, 185, 401, 378, 56, 2.13%, 21, 0, 3, 2837.02
1539296310, 0, 189, 401, 377, 55, 2.13%, 21, 0, 3, 2867.95
1539296315, 0, 195, 401, 376, 54, 2.13%, 21, 0, 3, 2983.31
1539296320, 0, 199, 401, 375, 53, 2.13%, 21, 0, 3, 2781.03
1539296325, 0, 199, 407, 381, 53, 2.14%, 22, 0, 3, 2808.20
1539296330, 0, 199, 411, 385, 53, 2.14%, 23, 0, 3, 2865.06
1539296335, 0, 200, 414, 387, 55, 2.14%, 24, 0, 3, 3004.17
1539296340, 0, 212, 414, 386, 54, 2.14%, 24, 0, 3, 2816.10
1539296345, 0, 224, 414, 385, 53, 2.14%, 25, 0, 3, 2636.92
1539296350, 0, 224, 415, 386, 53, 2.14%, 26, 0, 3, 2491.57
1539296356, 0, 225, 415, 385, 52, 2.14%, 27, 0, 3, 2909.57
1539296361, 0, 233, 415, 384, 51, 2.14%, 27, 0, 3, 2723.63
1539296366, 0, 247, 415, 383, 50, 2.14%, 27, 0, 3, 2744.66
1539296371, 0, 249, 416, 383, 49, 2.14%, 27, 0, 3, 2715.79
1539296376, 0, 250, 417, 383, 49, 2.14%, 27, 0, 3, 2725.01
1539296381, 0, 252, 418, 383, 49, 2.14%, 27, 0, 3, 2767.81
1539296386, 0, 253, 418, 382, 48, 2.14%, 27, 0, 3, 2731.20
1539296391, 0, 255, 418, 381, 46, 2.14%, 27, 0, 3, 2828.15
1539296396, 0, 260, 418, 380, 45, 2.14%, 27, 0, 3, 2788.98
1539296406, 0, 274, 420, 381, 44, 2.14%, 27, 0, 3, 2678.47
1539296411, 0, 279, 420, 380, 43, 2.14%, 27, 0, 3, 2656.67
1539296416, 0, 280, 420, 379, 42, 2.14%, 27, 0, 3, 2567.41
1539296427, 0, 282, 420, 378, 41, 2.14%, 27, 0, 3, 2576.82
1539296432, 0, 293, 420, 377, 40, 2.14%, 28, 0, 3, 2802.22
1539296437, 0, 298, 420, 376, 39, 2.14%, 28, 0, 3, 2905.15
1539296442, 0, 306, 420, 375, 38, 2.14%, 29, 0, 3, 2682.98
1539296447, 0, 309, 421, 375, 37, 2.15%, 30, 0, 3, 2563.17
1539296457, 0, 311, 421, 374, 37, 2.15%, 30, 0, 3, 2706.31
1539296462, 0, 313, 421, 373, 36, 2.15%, 30, 0, 3, 2668.95
1539296468, 0, 314, 421, 372, 35, 2.15%, 30, 0, 3, 2846.00
1539296473, 0, 324, 421, 371, 34, 2.15%, 30, 0, 3, 2653.32
1539296478, 0, 326, 423, 372, 34, 2.15%, 30, 0, 3, 2675.98
1539296483, 0, 327, 423, 371, 33, 2.15%, 30, 0, 3, 2607.92
1539296493, 0, 327, 430, 378, 33, 2.15%, 32, 0, 3, 2655.46
1539296498, 0, 327, 432, 380, 33, 2.16%, 35, 0, 3, 2722.24
1539296503, 0, 330, 434, 381, 35, 2.16%, 36, 0, 3, 2608.58
1539296513, 0, 334, 434, 380, 34, 2.16%, 36, 0, 3, 2649.26
1539296518, 0, 335, 434, 379, 33, 2.16%, 36, 0, 3, 2565.56
1539296523, 0, 336, 434, 378, 32, 2.16%, 36, 0, 3, 2574.36
1539296529, 0, 340, 434, 377, 31, 2.16%, 36, 0, 3, 2760.91
1539296534, 0, 340, 436, 379, 31, 2.16%, 36, 0, 3, 2809.39
1539296539, 0, 342, 436, 378, 30, 2.16%, 36, 0, 3, 2619.60
1539296544, 0, 343, 437, 378, 29, 2.16%, 38, 0, 3, 2591.36
1539296554, 0, 344, 437, 377, 28, 2.16%, 38, 0, 3, 2563.06
1539296559, 0, 352, 437, 376, 27, 2.16%, 38, 0, 3, 2571.91
1539296569, 0, 356, 437, 375, 26, 2.16%, 38, 0, 3, 2951.50
1539296574, 0, 362, 437, 374, 25, 2.16%, 38, 0, 3, 2614.27
1539296579, 0, 374, 437, 373, 24, 2.16%, 38, 0, 3, 2673.10
1539296584, 0, 375, 437, 372, 23, 2.16%, 38, 0, 3, 2647.41
1539296589, 0, 377, 437, 371, 22, 2.16%, 38, 0, 3, 2618.01
1539296594, 0, 382, 437, 370, 21, 2.16%, 38, 0, 3, 2584.38
1539296605, 0, 384, 438, 370, 21, 2.16%, 38, 0, 4, 2586.62
1539296615, 0, 386, 438, 369, 20, 2.16%, 38, 0, 4, 2458.16
1539296620, 0, 387, 438, 368, 19, 2.16%, 38, 0, 4, 2523.74
1539296625, 0, 388, 438, 367, 18, 2.16%, 38, 0, 4, 2773.43
1539296630, 0, 392, 439, 367, 18, 2.16%, 38, 0, 4, 2854.31
1539296635, 0, 398, 439, 366, 17, 2.16%, 38, 0, 4, 2797.69
1539296646, 0, 403, 439, 365, 16, 2.16%, 39, 0, 4, 2528.79
1539296651, 0, 404, 439, 364, 15, 2.16%, 39, 0, 4, 2523.98
1539296661, 0, 405, 440, 364, 14, 2.16%, 39, 0, 4, 2637.85
1539296666, 0, 410, 440, 363, 14, 2.16%, 39, 0, 4, 2602.08
1539296671, 0, 415, 440, 362, 13, 2.16%, 39, 0, 4, 2629.62
1539296676, 0, 416, 440, 361, 12, 2.16%, 39, 0, 4, 2710.85
1539296686, 0, 420, 440, 360, 11, 2.16%, 39, 0, 4, 2538.23
1539296691, 0, 421, 440, 359, 10, 2.16%, 39, 0, 4, 2527.68
1539296701, 0, 425, 440, 357, 8, 2.16%, 39, 0, 4, 2683.70
1539296711, 0, 428, 440, 356, 7, 2.16%, 39, 0, 4, 2575.99
1539296716, 0, 430, 440, 355, 6, 2.16%, 39, 0, 4, 2553.01
1539296727, 0, 430, 444, 359, 6, 2.16%, 39, 0, 4, 2472.49
1539296732, 0, 430, 446, 361, 6, 2.16%, 40, 0, 4, 2603.51
1539296737, 0, 430, 447, 362, 6, 2.16%, 40, 0, 4, 2650.69
1539296742, 0, 435, 447, 361, 6, 2.16%, 40, 0, 4, 2574.56
1539296747, 0, 437, 447, 360, 5, 2.16%, 40, 0, 4, 2582.65
