# unix_time, cycles_done, cur_path, paths_total, pending_total, pending_favs, map_size, unique_crashes, unique_hangs, max_depth, execs_per_sec
1539307616, 0, 0, 6, 6, 6, 1.49%, 0, 0, 1, 2526.32
1539307621, 0, 0, 112, 112, 6, 1.88%, 18, 0, 2, 3080.69
1539307626, 0, 0, 114, 114, 6, 1.88%, 21, 0, 2, 3158.29
1539307631, 0, 20, 114, 111, 28, 1.88%, 21, 0, 2, 3046.26
1539307636, 0, 38, 114, 107, 24, 1.88%, 21, 0, 2, 3101.31
1539307641, 0, 42, 115, 106, 22, 1.88%, 21, 0, 3, 3045.59
1539307646, 0, 51, 115, 103, 19, 1.88%, 21, 0, 3, 3049.16
1539307651, 0, 56, 115, 100, 16, 1.88%, 21, 0, 3, 3086.76
1539307657, 0, 79, 115, 97, 14, 1.88%, 22, 0, 3, 3025.46
1539307662, 0, 83, 115, 95, 12, 1.88%, 22, 0, 3, 3053.87
1539307667, 0, 91, 115, 92, 9, 1.88%, 22, 0, 3, 2974.35
1539307672, 0, 99, 115, 89, 6, 1.88%, 24, 0, 3, 2901.21
1539307677, 0, 105, 115, 87, 4, 1.88%, 24, 0, 3, 3007.55
1539307682, 0, 111, 115, 84, 1, 1.88%, 24, 0, 3, 3076.44
1539307687, 1, 9, 115, 81, 0, 1.88%, 24, 0, 3, 3050.80
1539307692, 1, 14, 115, 78, 0, 1.88%, 24, 0, 3, 2967.26
1539307697, 1, 25, 115, 75, 0, 1.88%, 24, 0, 3, 3075.89
1539307702, 1, 47, 115, 70, 0, 1.88%, 24, 0, 3, 3258.90
1539307707, 1, 62, 115, 68, 0, 1.88%, 24, 0, 3, 3121.66
1539307712, 1, 72, 115, 65, 0, 1.88%, 24, 0, 3, 3064.70
1539307717, 1, 110, 115, 63, 0, 1.88%, 24, 0, 3, 3019.52
1539307723, 2, 4, 115, 61, 0, 1.88%, 24, 0, 3, 2982.77
1539307728, 2, 45, 115, 57, 0, 1.88%, 24, 0, 3, 3202.14
1539307733, 2, 58, 115, 55, 0, 1.88%, 24, 0, 3, 3044.78
1539307738, 2, 66, 115, 53, 0, 1.88%, 24, 0, 3, 3049.05
1539307743, 2, 69, 115, 51, 0, 1.88%, 24, 0, 3, 2917.97
1539307748, 2, 97, 115, 49, 0, 1.88%, 25, 0, 3, 3013.23
1539307753, 2, 107, 115, 47, 0, 1.88%, 25, 0, 3, 3075.64
1539307758, 3, 26, 115, 45, 0, 1.88%, 25, 0, 3, 3176.52
1539307764, 3, 63, 115, 42, 0, 1.88%, 25, 0, 3, 3137.88
1539307769, 3, 71, 115, 41, 0, 1.88%, 25, 0, 3, 3053.48
1539307774, 3, 87, 115, 38, 0, 1.88%, 25, 0, 3, 3111.65
1539307779, 3, 96, 115, 36, 0, 1.88%, 25, 0, 3, 3125.79
1539307784, 3, 108, 115, 34, 0, 1.88%, 25, 0, 3, 3141.43
1539307789, 4, 61, 115, 32, 0, 1.88%, 25, 0, 3, 3177.15
1539307794, 4, 78, 115, 30, 0, 1.88%, 25, 0, 3, 3178.28
1539307799, 5, 17, 115, 29, 0, 1.88%, 25, 0, 3, 3191.46
1539307805, 5, 28, 115, 27, 0, 1.88%, 25, 0, 3, 3111.50
1539307810, 5, 67, 115, 25, 0, 1.88%, 25, 0, 3, 3145.40
1539307815, 5, 95, 115, 24, 0, 1.88%, 25, 0, 3, 3176.37
1539307820, 6, 30, 115, 22, 0, 1.88%, 25, 0, 3, 3189.87
1539307825, 6, 52, 115, 19, 0, 1.88%, 25, 0, 3, 3226.94
1539307830, 6, 92, 115, 17, 0, 1.88%, 25, 0, 3, 3133.39
1539307835, 6, 100, 115, 15, 0, 1.88%, 25, 0, 3, 2996.82
1539307840, 7, 56, 115, 13, 0, 1.88%, 25, 0, 3, 3143.44
1539307846, 7, 86, 115, 12, 0, 1.88%, 25, 0, 3, 3086.08
1539307851, 7, 112, 115, 10, 0, 1.88%, 25, 0, 3, 3104.40
1539307856, 8, 10, 115, 8, 0, 1.88%, 25, 0, 3, 3018.99
1539307861, 8, 67, 115, 7, 0, 1.88%, 25, 0, 3, 3155.87
1539307866, 9, 38, 115, 6, 0, 1.88%, 25, 0, 3, 3186.52
1539307871, 9, 104, 115, 6, 0, 1.88%, 25, 0, 3, 3233.20
1539307877, 10, 80, 115, 6, 0, 1.88%, 25, 0, 3, 3246.62
1539307882, 11, 1, 115, 5, 0, 1.88%, 25, 0, 3, 3216.33
1539307887, 11, 84, 115, 4, 0, 1.88%, 25, 0, 3, 3226.35
1539307892, 12, 51, 115, 3, 0, 1.88%, 25, 0, 3, 3246.57
1539307897, 12, 79, 115, 2, 0, 1.88%, 25, 0, 3, 3231.68
1539307902, 13, 43, 115, 1, 0, 1.88%, 25, 0, 3, 3245.06
1539307908, 13, 105, 115, 1, 0, 1.88%, 25, 0, 3, 3212.29
1539307913, 14, 78, 115, 1, 0, 1.88%, 25, 0, 3, 3165.66
1539307918, 15, 52, 115, 1, 0, 1.88%, 25, 0, 3, 3066.19
1539307923, 16, 11, 115, 1, 0, 1.88%, 25, 0, 3, 3169.60
1539307928, 16, 94, 115, 1, 0, 1.88%, 25, 0, 3, 3204.29
1539307933, 17, 52, 115, 0, 0, 1.88%, 25, 0, 3, 3209.07
1539307938, 18, 21, 115, 0, 0, 1.88%, 25, 0, 3, 3250.41
1539307944, 18, 89, 115, 0, 0, 1.88%, 25, 0, 3, 3248.17
1539307949, 19, 76, 115, 0, 0, 1.88%, 25, 0, 3, 3241.10
1539307954, 20, 52, 115, 0, 0, 1.88%, 25, 0, 3, 3228.24
1539307959, 21, 10, 115, 0, 0, 1.88%, 25, 0, 3, 3226.24
1539307964, 21, 80, 115, 0, 0, 1.88%, 25, 0, 3, 3256.20
1539307969, 22, 64, 115, 0, 0, 1.88%, 25, 0, 3, 3266.14
1539307974, 23, 38, 115, 0, 0, 1.88%, 25, 0, 3, 3293.35
1539307980, 23, 106, 115, 0, 0, 1.88%, 25, 0, 3, 3275.18
1539307985, 24, 78, 115, 0, 0, 1.88%, 25, 0, 3, 3271.05
1539307990, 25, 53, 115, 0, 0, 1.88%, 25, 0, 3, 3285.25
1539307995, 26, 43, 115, 0, 0, 1.88%, 25, 0, 3, 3260.07
1539308000, 26, 104, 115, 0, 0, 1.88%, 25, 0, 3, 3254.54
1539308005, 27, 80, 115, 0, 0, 1.88%, 25, 0, 3, 3236.39
1539308010, 28, 64, 115, 0, 0, 1.88%, 25, 0, 3, 3243.85
1539308016, 29, 45, 115, 0, 0, 1.88%, 25, 0, 3, 3213.64
1539308021, 29, 105, 115, 0, 0, 1.88%, 25, 0, 3, 3197.08
1539308026, 30, 78, 115, 0, 0, 1.88%, 25, 0, 3, 3151.80
1539308031, 31, 45, 115, 0, 0, 1.88%, 25, 0, 3, 3205.32
1539308036, 31, 105, 115, 0, 0, 1.88%, 25, 0, 3, 3189.73
1539308041, 32, 79, 115, 0, 0, 1.88%, 25, 0, 3, 3166.03
1539308046, 33, 65, 115, 0, 0, 1.88%, 25, 0, 3, 3157.18
1539308052, 34, 45, 115, 0, 0, 1.88%, 25, 0, 3, 3146.85
1539308057, 34, 109, 115, 0, 0, 1.88%, 25, 0, 3, 3131.94
1539308062, 35, 79, 115, 0, 0, 1.88%, 25, 0, 3, 3230.10
1539308067, 36, 62, 115, 0, 0, 1.88%, 25, 0, 3, 3191.04
1539308072, 37, 31, 115, 0, 0, 1.88%, 25, 0, 3, 3165.07
1539308077, 37, 94, 115, 0, 0, 1.88%, 25, 0, 3, 3179.48
1539308083, 38, 78, 115, 0, 0, 1.88%, 25, 0, 3, 3141.45
1539308088, 39, 56, 115, 0, 0, 1.88%, 25, 0, 3, 3227.04
1539308093, 40, 43, 115, 0, 0, 1.88%, 25, 0, 3, 3137.37
1539308098, 40, 105, 115, 0, 0, 1.88%, 25, 0, 3, 3122.76
1539308103, 41, 66, 115, 0, 0, 1.88%, 25, 0, 3, 3110.60
1539308108, 42, 53, 115, 0, 0, 1.88%, 25, 0, 3, 3220.79
1539308114, 43, 23, 115, 0, 0, 1.88%, 25, 0, 3, 3205.96
1539308119, 43, 105, 115, 0, 0, 1.88%, 25, 0, 3, 3205.54
1539308124, 44, 84, 115, 0, 0, 1.88%, 25, 0, 3, 3176.89
1539308129, 45, 66, 115, 0, 0, 1.88%, 25, 0, 3, 3211.92
1539308134, 46, 52, 115, 0, 0, 1.88%, 25, 0, 3, 3220.90
1539308139, 47, 10, 115, 0, 0, 1.88%, 25, 0, 3, 3231.64
1539308144, 47, 89, 115, 0, 0, 1.88%, 25, 0, 3, 3134.01
1539308150, 48, 67, 115, 0, 0, 1.88%, 25, 0, 3, 3174.09
1539308155, 49, 53, 115, 0, 0, 1.88%, 25, 0, 3, 3211.31
1539308160, 50, 23, 115, 0, 0, 1.88%, 25, 0, 3, 3195.71
1539308165, 50, 94, 115, 0, 0, 1.88%, 25, 0, 3, 3157.29
1539308170, 51, 71, 115, 0, 0, 1.88%, 25, 0, 3, 3135.91
1539308175, 52, 58, 116, 1, 0, 1.88%, 25, 0, 3, 3189.45
1539308181, 53, 43, 116, 1, 0, 1.88%, 25, 0, 3, 3220.75
1539308186, 53, 94, 116, 1, 0, 1.88%, 25, 0, 3, 3203.45
1539308191, 54, 79, 116, 1, 0, 1.88%, 25, 0, 3, 3226.80
1539308196, 54, 115, 116, 1, 0, 1.88%, 25, 0, 3, 3208.21
1539308201, 55, 85, 116, 0, 0, 1.88%, 25, 0, 3, 3208.95
1539308206, 56, 62, 116, 0, 0, 1.88%, 25, 0, 3, 3230.20
1539308211, 57, 38, 116, 0, 0, 1.88%, 25, 0, 3, 3227.25
