# unix_time, cycles_done, cur_path, paths_total, pending_total, pending_favs, map_size, unique_crashes, unique_hangs, max_depth, execs_per_sec
1539298562, 0, 0, 6, 6, 6, 1.49%, 0, 0, 1, 2400.00
1539298567, 0, 0, 115, 115, 6, 1.88%, 8, 0, 2, 2752.75
1539298572, 0, 0, 118, 118, 6, 1.88%, 9, 0, 2, 2825.60
1539298577, 0, 10, 118, 116, 30, 1.88%, 9, 0, 2, 2763.77
1539298583, 0, 29, 118, 114, 28, 1.88%, 9, 0, 2, 2709.60
1539298588, 0, 45, 118, 110, 22, 1.88%, 9, 0, 2, 2731.25
1539298593, 0, 57, 118, 107, 19, 1.88%, 10, 0, 2, 2726.20
1539298598, 0, 64, 118, 105, 17, 1.88%, 10, 0, 2, 2763.69
1539298603, 0, 69, 118, 102, 14, 1.88%, 10, 0, 2, 2757.07
1539298608, 0, 77, 118, 99, 11, 1.88%, 10, 0, 2, 2733.94
1539298613, 0, 84, 118, 97, 9, 1.88%, 10, 0, 2, 2704.98
1539298618, 0, 92, 118, 95, 7, 1.88%, 10, 0, 2, 2704.84
1539298623, 0, 96, 118, 92, 4, 1.88%, 10, 0, 2, 2704.28
1539298628, 0, 110, 118, 90, 3, 1.88%, 10, 0, 2, 2723.19
1539298633, 0, 117, 118, 88, 1, 1.88%, 10, 0, 2, 2657.09
1539298638, 1, 20, 118, 85, 0, 1.88%, 10, 0, 2, 2697.31
1539298643, 1, 31, 118, 82, 0, 1.88%, 10, 0, 2, 2765.36
1539298648, 1, 60, 118, 80, 0, 1.88%, 10, 0, 2, 2803.70
1539298653, 1, 70, 118, 77, 0, 1.88%, 10, 0, 2, 2745.35
1539298659, 1, 85, 118, 75, 0, 1.88%, 10, 0, 2, 2752.15
1539298664, 1, 98, 118, 73, 0, 1.88%, 10, 0, 2, 2714.50
1539298669, 1, 106, 118, 71, 0, 1.88%, 10, 0, 2, 2725.06
1539298674, 2, 3, 118, 68, 0, 1.88%, 10, 0, 2, 2708.69
1539298679, 2, 23, 118, 66, 0, 1.88%, 10, 0, 2, 2752.42
1539298684, 2, 49, 118, 62, 0, 1.88%, 10, 0, 2, 2806.00
1539298689, 2, 53, 118, 60, 0, 1.88%, 10, 0, 2, 2749.35
1539298694, 2, 80, 118, 59, 0, 1.88%, 10, 0, 2, 2721.00
1539298699, 2, 90, 118, 57, 0, 1.88%, 10, 0, 2, 2878.23
1539298704, 2, 104, 118, 55, 0, 1.88%, 10, 0, 2, 2746.59
1539298710, 2, 111, 118, 53, 0, 1.88%, 10, 0, 2, 2731.28
1539298715, 3, 9, 118, 51, 0, 1.88%, 10, 0, 2, 2804.44
1539298720, 3, 25, 118, 48, 0, 1.88%, 10, 0, 2, 2748.98
1539298725, 3, 34, 118, 46, 0, 1.88%, 10, 0, 2, 2831.36
1539298730, 3, 55, 118, 43, 0, 1.88%, 10, 0, 2, 2874.80
1539298735, 3, 74, 118, 41, 0, 1.88%, 10, 0, 2, 2908.23
1539298740, 3, 107, 118, 40, 0, 1.88%, 10, 0, 2, 2788.57
1539298745, 3, 113, 118, 38, 0, 1.88%, 10, 0, 2, 2720.63
1539298751, 4, 22, 118, 36, 0, 1.88%, 10, 0, 2, 2739.41
1539298756, 4, 67, 118, 35, 0, 1.88%, 10, 0, 2, 2786.95
1539298761, 4, 88, 118, 34, 0, 1.88%, 10, 0, 2, 2770.76
1539298766, 4, 102, 118, 33, 0, 1.88%, 10, 0, 2, 2737.99
1539298771, 5, 33, 118, 31, 0, 1.88%, 10, 0, 2, 2830.19
1539298776, 5, 66, 118, 28, 0, 1.88%, 10, 0, 2, 2921.64
1539298781, 5, 97, 118, 27, 0, 1.88%, 10, 0, 2, 2983.97
1539298787, 6, 16, 118, 26, 0, 1.88%, 10, 0, 2, 2925.71
1539298792, 6, 67, 118, 24, 0, 1.88%, 10, 0, 2, 2951.03
1539298797, 6, 93, 118, 23, 0, 1.88%, 10, 0, 2, 2956.76
1539298802, 6, 116, 118, 22, 0, 1.88%, 10, 0, 2, 2943.54
1539298807, 7, 56, 118, 20, 0, 1.88%, 10, 0, 2, 3007.87
1539298812, 7, 86, 118, 19, 0, 1.88%, 10, 0, 2, 2830.47
1539298817, 8, 2, 118, 18, 0, 1.88%, 10, 0, 2, 2765.99
1539298822, 8, 8, 118, 16, 0, 1.88%, 10, 0, 2, 2791.07
1539298828, 8, 56, 118, 13, 0, 1.88%, 10, 0, 2, 2965.42
1539298833, 8, 93, 118, 12, 0, 1.88%, 10, 0, 2, 2914.69
1539298838, 9, 56, 118, 12, 0, 1.88%, 10, 0, 2, 2825.35
1539298843, 9, 66, 118, 10, 0, 1.88%, 10, 0, 2, 2836.26
1539298848, 9, 94, 118, 9, 0, 1.88%, 10, 0, 2, 2777.72
1539298853, 10, 74, 118, 9, 0, 1.88%, 10, 0, 2, 2894.01
1539298859, 11, 10, 118, 8, 0, 1.88%, 10, 0, 2, 2816.74
1539298864, 11, 66, 118, 7, 0, 1.88%, 10, 0, 2, 2850.19
1539298869, 12, 42, 118, 7, 0, 1.88%, 10, 0, 2, 2988.88
1539298874, 12, 84, 118, 6, 0, 1.88%, 10, 0, 2, 2998.34
1539298879, 12, 112, 118, 5, 0, 1.88%, 10, 0, 2, 2849.98
1539298884, 13, 10, 118, 3, 0, 1.88%, 10, 0, 2, 2732.32
1539298889, 13, 84, 118, 3, 0, 1.88%, 10, 0, 2, 2787.17
1539298894, 14, 56, 118, 3, 0, 1.88%, 10, 0, 2, 2826.27
1539298900, 14, 97, 118, 3, 0, 1.88%, 10, 0, 2, 2814.91
1539298905, 15, 76, 118, 3, 0, 1.88%, 10, 0, 2, 2827.88
1539298910, 16, 13, 118, 3, 0, 1.88%, 10, 0, 2, 2898.22
1539298915, 16, 75, 118, 2, 0, 1.88%, 10, 0, 2, 2965.05
1539298920, 17, 44, 118, 2, 0, 1.88%, 10, 0, 2, 2895.72
1539298925, 17, 94, 118, 2, 0, 1.88%, 10, 0, 2, 2749.85
1539298931, 18, 64, 118, 2, 0, 1.88%, 10, 0, 2, 2771.40
1539298936, 18, 103, 118, 2, 0, 1.88%, 10, 0, 2, 2721.57
1539298941, 19, 57, 118, 1, 0, 1.88%, 10, 0, 2, 2794.02
1539298946, 20, 35, 118, 1, 0, 1.88%, 10, 0, 2, 2846.33
1539298951, 20, 89, 118, 1, 0, 1.88%, 10, 0, 2, 2778.75
1539298956, 21, 67, 118, 1, 0, 1.88%, 10, 0, 2, 2764.85
1539298962, 22, 26, 118, 1, 0, 1.88%, 10, 0, 2, 2784.29
1539298967, 22, 56, 118, 0, 0, 1.88%, 10, 0, 2, 2709.31
1539298972, 22, 116, 118, 0, 0, 1.88%, 10, 0, 2, 2859.51
1539298977, 23, 77, 118, 0, 0, 1.88%, 10, 0, 2, 2936.36
1539298982, 24, 57, 118, 0, 0, 1.88%, 10, 0, 2, 2819.98
1539298987, 24, 94, 118, 0, 0, 1.88%, 10, 0, 2, 2787.89
1539298992, 25, 67, 118, 0, 0, 1.88%, 10, 0, 2, 2905.57
1539298998, 26, 50, 118, 0, 0, 1.88%, 10, 0, 2, 2995.05
1539299003, 27, 3, 118, 0, 0, 1.88%, 10, 0, 2, 3049.78
1539299008, 27, 74, 118, 0, 0, 1.88%, 10, 0, 2, 3019.60
1539299013, 28, 57, 118, 0, 0, 1.88%, 10, 0, 2, 2838.34
1539299018, 29, 3, 118, 0, 0, 1.88%, 10, 0, 2, 2767.09
1539299023, 29, 77, 118, 0, 0, 1.88%, 10, 0, 2, 2754.23
1539299029, 30, 51, 118, 0, 0, 1.88%, 10, 0, 2, 2745.94
1539299034, 30, 94, 118, 0, 0, 1.88%, 10, 0, 2, 2690.13
1539299039, 31, 64, 118, 0, 0, 1.88%, 10, 0, 2, 2887.23
1539299044, 32, 43, 118, 0, 0, 1.88%, 10, 0, 2, 3022.37
1539299049, 32, 94, 118, 0, 0, 1.88%, 10, 0, 2, 3028.44
1539299054, 33, 69, 118, 0, 0, 1.88%, 10, 0, 2, 3006.67
1539299059, 34, 57, 118, 0, 0, 1.88%, 10, 0, 2, 2925.19
1539299065, 35, 3, 118, 0, 0, 1.88%, 10, 0, 2, 2746.67
1539299070, 35, 75, 118, 0, 0, 1.88%, 10, 0, 2, 2798.47
1539299075, 36, 42, 118, 0, 0, 1.88%, 10, 0, 2, 2767.54
1539299080, 36, 89, 118, 0, 0, 1.88%, 10, 0, 2, 2941.31
1539299085, 37, 69, 118, 0, 0, 1.88%, 10, 0, 2, 2970.78
1539299090, 38, 44, 118, 0, 0, 1.88%, 10, 0, 2, 2986.33
1539299096, 38, 95, 118, 0, 0, 1.88%, 10, 0, 2, 2734.85
1539299101, 39, 66, 118, 0, 0, 1.88%, 10, 0, 2, 2735.29
1539299106, 40, 26, 118, 0, 0, 1.88%, 10, 0, 2, 2863.32
1539299111, 40, 77, 118, 0, 0, 1.88%, 10, 0, 2, 2707.03
1539299116, 41, 59, 118, 0, 0, 1.88%, 10, 0, 2, 2734.19
1539299121, 42, 32, 118, 0, 0, 1.88%, 10, 0, 2, 2866.87
1539299127, 42, 93, 118, 0, 0, 1.88%, 10, 0, 2, 2965.42
1539299132, 43, 64, 118, 0, 0, 1.88%, 10, 0, 2, 2872.21
1539299137, 44, 10, 118, 0, 0, 1.88%, 10, 0, 2, 2776.08
1539299142, 44, 83, 118, 0, 0, 1.88%, 10, 0, 2, 2787.24
1539299147, 45, 56, 118, 0, 0, 1.88%, 10, 0, 2, 3031.27
1539299152, 46, 3, 118, 0, 0, 1.88%, 10, 0, 2, 2881.29
1539299158, 46, 84, 118, 0, 0, 1.88%, 10, 0, 2, 2878.28
