# unix_time, cycles_done, cur_path, paths_total, pending_total, pending_favs, map_size, unique_crashes, unique_hangs, max_depth, execs_per_sec
1539323913, 0, 0, 6, 6, 6, 1.49%, 0, 0, 1, 2526.32
1539323919, 0, 0, 130, 130, 6, 1.88%, 6, 0, 2, 3014.87
1539323924, 0, 0, 134, 134, 6, 1.88%, 7, 0, 2, 3127.77
1539323929, 0, 20, 134, 132, 26, 1.88%, 9, 0, 2, 3024.75
1539323934, 0, 54, 134, 127, 21, 1.88%, 10, 0, 2, 3147.48
1539323939, 0, 64, 134, 124, 19, 1.88%, 10, 0, 2, 3106.46
1539323944, 0, 77, 134, 121, 16, 1.88%, 10, 0, 2, 3033.81
1539323949, 0, 85, 134, 119, 14, 1.88%, 11, 0, 2, 2885.34
1539323954, 0, 93, 134, 116, 11, 1.88%, 14, 0, 2, 2879.89
1539323959, 0, 103, 134, 114, 9, 1.88%, 14, 0, 2, 2883.47
1539323964, 0, 113, 134, 111, 6, 1.88%, 14, 0, 2, 2955.00
1539323969, 0, 122, 134, 109, 5, 1.88%, 16, 0, 2, 3027.65
1539323974, 0, 128, 134, 106, 2, 1.88%, 17, 0, 2, 3043.99
1539323980, 1, 2, 134, 103, 0, 1.88%, 17, 0, 2, 2978.86
1539323985, 1, 7, 134, 101, 1, 1.88%, 17, 0, 2, 2919.48
1539323990, 1, 24, 134, 98, 0, 1.88%, 17, 0, 2, 2927.14
1539323995, 1, 35, 134, 94, 0, 1.88%, 17, 0, 2, 3116.36
1539324000, 1, 57, 134, 90, 0, 1.88%, 17, 0, 2, 3104.89
1539324005, 1, 66, 134, 88, 0, 1.88%, 18, 0, 2, 2943.83
1539324010, 1, 85, 134, 85, 0, 1.88%, 18, 0, 2, 2887.34
1539324015, 1, 100, 134, 83, 0, 1.88%, 18, 0, 2, 3007.67
1539324020, 1, 115, 134, 81, 0, 1.88%, 18, 0, 2, 3034.08
1539324025, 1, 124, 134, 77, 0, 1.88%, 18, 0, 2, 3114.57
1539324030, 1, 132, 134, 75, 0, 1.88%, 18, 0, 2, 3060.29
1539324036, 2, 9, 134, 73, 0, 1.88%, 19, 0, 2, 3099.98
1539324041, 2, 49, 134, 70, 0, 1.88%, 19, 0, 2, 3072.21
1539324046, 2, 72, 134, 68, 0, 1.88%, 19, 0, 2, 3029.64
1539324051, 2, 99, 134, 66, 0, 1.88%, 19, 0, 2, 3018.35
1539324056, 2, 109, 134, 64, 0, 1.88%, 19, 0, 2, 3007.37
1539324061, 2, 126, 134, 63, 0, 1.88%, 20, 0, 2, 2969.42
1539324067, 3, 13, 134, 60, 0, 1.88%, 21, 0, 2, 2933.78
1539324072, 3, 52, 134, 57, 0, 1.88%, 21, 0, 2, 3109.21
1539324077, 3, 68, 134, 55, 0, 1.88%, 21, 0, 2, 3188.32
1539324082, 3, 79, 134, 53, 0, 1.88%, 21, 0, 2, 3090.95
1539324087, 3, 89, 134, 51, 0, 1.88%, 21, 0, 2, 3048.30
1539324092, 3, 98, 134, 49, 0, 1.88%, 21, 0, 2, 3020.33
1539324097, 3, 117, 134, 47, 0, 1.88%, 21, 0, 2, 3087.50
1539324102, 4, 34, 134, 45, 0, 1.88%, 21, 0, 2, 3057.47
1539324108, 4, 45, 134, 43, 0, 1.88%, 21, 0, 2, 3009.15
1539324113, 4, 60, 134, 40, 0, 1.88%, 21, 0, 2, 3099.68
1539324118, 4, 76, 134, 38, 0, 1.88%, 21, 0, 2, 3112.11
1539324123, 4, 86, 134, 35, 0, 1.88%, 21, 0, 2, 3053.66
1539324128, 4, 103, 134, 33, 0, 1.88%, 21, 0, 2, 2944.82
1539324133, 5, 4, 134, 32, 0, 1.88%, 21, 0, 2, 3051.44
1539324138, 5, 48, 134, 29, 0, 1.88%, 21, 0, 2, 3126.52
1539324144, 5, 79, 134, 27, 0, 1.88%, 21, 0, 2, 2968.54
1539324149, 5, 111, 134, 26, 0, 1.88%, 21, 0, 2, 3070.12
1539324154, 6, 18, 134, 25, 0, 1.88%, 21, 0, 2, 3011.90
1539324159, 6, 44, 134, 21, 0, 1.88%, 21, 0, 2, 2958.91
1539324164, 6, 69, 134, 19, 0, 1.88%, 21, 0, 2, 3056.76
1539324169, 6, 114, 134, 18, 0, 1.88%, 21, 0, 2, 3009.25
1539324174, 7, 28, 134, 17, 0, 1.88%, 21, 0, 2, 2919.24
1539324180, 7, 101, 134, 16, 0, 1.88%, 21, 0, 2, 3076.16
1539324185, 7, 113, 134, 14, 0, 1.88%, 21, 0, 2, 3084.53
1539324190, 8, 6, 134, 12, 0, 1.88%, 21, 0, 2, 3091.00
1539324195, 8, 30, 134, 10, 0, 1.88%, 21, 0, 2, 3024.08
1539324200, 8, 83, 134, 8, 0, 1.88%, 21, 0, 2, 3130.37
1539324205, 8, 108, 134, 7, 0, 1.88%, 21, 0, 2, 2978.83
1539324210, 9, 19, 134, 6, 0, 1.88%, 21, 0, 2, 2954.59
1539324215, 9, 79, 134, 3, 0, 1.88%, 21, 0, 2, 3117.21
1539324220, 9, 112, 134, 2, 0, 1.88%, 21, 0, 2, 3021.70
1539324226, 10, 90, 134, 2, 0, 1.88%, 21, 0, 2, 3184.15
1539324231, 11, 58, 134, 2, 0, 1.88%, 21, 0, 2, 3224.73
1539324236, 12, 3, 134, 2, 0, 1.88%, 21, 0, 2, 3216.03
1539324241, 12, 111, 134, 2, 0, 1.88%, 21, 0, 2, 3237.08
1539324246, 13, 85, 134, 2, 0, 1.88%, 21, 0, 2, 3246.79
1539324251, 13, 125, 134, 2, 0, 1.88%, 22, 0, 2, 3165.56
1539324257, 14, 93, 134, 1, 0, 1.88%, 22, 0, 2, 3203.90
1539324262, 15, 63, 134, 1, 0, 1.88%, 22, 0, 2, 3225.43
1539324267, 16, 3, 134, 1, 0, 1.88%, 22, 0, 2, 3254.20
1539324272, 16, 95, 134, 1, 0, 1.88%, 22, 0, 2, 3228.21
1539324277, 17, 74, 134, 1, 0, 1.88%, 22, 0, 2, 3226.36
1539324282, 17, 119, 134, 0, 0, 1.88%, 22, 0, 2, 3197.18
1539324287, 18, 91, 134, 0, 0, 1.88%, 22, 0, 2, 3211.77
1539324293, 19, 47, 134, 0, 0, 1.88%, 22, 0, 2, 3233.09
1539324298, 19, 125, 134, 0, 0, 1.88%, 22, 0, 2, 3252.31
1539324303, 20, 102, 134, 0, 0, 1.88%, 22, 0, 2, 3247.14
1539324308, 21, 68, 134, 0, 0, 1.88%, 22, 0, 2, 3215.41
1539324313, 22, 32, 134, 0, 0, 1.88%, 22, 0, 2, 3218.53
1539324318, 22, 122, 134, 0, 0, 1.88%, 22, 0, 2, 3186.61
1539324324, 23, 85, 134, 0, 0, 1.88%, 22, 0, 2, 3194.64
1539324329, 24, 68, 134, 0, 0, 1.88%, 22, 0, 2, 3200.11
1539324334, 25, 10, 134, 0, 0, 1.88%, 22, 0, 2, 3195.50
1539324339, 25, 105, 134, 0, 0, 1.88%, 22, 0, 2, 3202.16
1539324344, 26, 90, 134, 0, 0, 1.88%, 22, 0, 2, 3216.51
1539324349, 27, 53, 134, 0, 0, 1.88%, 22, 0, 2, 3234.64
1539324355, 27, 128, 134, 0, 0, 1.88%, 22, 0, 2, 3234.20
1539324360, 28, 103, 134, 0, 0, 1.88%, 22, 0, 2, 3257.03
1539324365, 29, 77, 134, 0, 0, 1.88%, 22, 0, 2, 3135.62
1539324370, 30, 10, 134, 0, 0, 1.88%, 22, 0, 2, 3133.94
1539324375, 30, 102, 134, 0, 0, 1.88%, 22, 0, 2, 3033.32
1539324380, 31, 77, 134, 0, 0, 1.88%, 22, 0, 2, 3158.81
1539324385, 32, 14, 134, 0, 0, 1.88%, 22, 0, 2, 3220.47
1539324391, 32, 102, 134, 0, 0, 1.88%, 22, 0, 2, 3199.38
1539324396, 33, 79, 135, 1, 0, 1.88%, 22, 0, 2, 3075.41
1539324401, 34, 32, 135, 1, 0, 1.88%, 22, 0, 2, 3107.38
1539324406, 34, 112, 135, 1, 0, 1.88%, 22, 0, 2, 3064.10
1539324411, 35, 85, 135, 1, 0, 1.88%, 22, 0, 2, 3135.64
1539324416, 35, 134, 135, 1, 0, 1.88%, 22, 0, 2, 3074.80
1539324422, 36, 77, 135, 0, 0, 1.88%, 22, 0, 2, 3029.14
1539324427, 37, 3, 135, 0, 0, 1.88%, 22, 0, 2, 3147.08
1539324432, 37, 103, 135, 0, 0, 1.88%, 22, 0, 2, 3149.85
1539324437, 38, 68, 135, 0, 0, 1.88%, 22, 0, 2, 3018.43
1539324442, 38, 123, 135, 0, 0, 1.88%, 22, 0, 2, 3069.30
1539324447, 39, 79, 135, 0, 0, 1.88%, 22, 0, 2, 3184.94
1539324453, 40, 32, 135, 0, 0, 1.88%, 22, 0, 2, 3236.32
1539324458, 40, 122, 135, 0, 0, 1.88%, 22, 0, 2, 3257.07
1539324463, 41, 90, 135, 0, 0, 1.88%, 22, 0, 2, 3226.41
1539324468, 42, 28, 135, 0, 0, 1.88%, 22, 0, 2, 3194.48
1539324473, 42, 115, 135, 0, 0, 1.88%, 22, 0, 2, 3218.30
1539324478, 43, 77, 135, 0, 0, 1.88%, 22, 0, 2, 3218.84
1539324484, 44, 44, 135, 0, 0, 1.88%, 22, 0, 2, 3221.44
1539324489, 44, 122, 135, 0, 0, 1.88%, 22, 0, 2, 3207.72
1539324494, 45, 95, 135, 0, 0, 1.88%, 22, 0, 2, 3231.59
1539324499, 46, 74, 135, 0, 0, 1.88%, 22, 0, 2, 3218.58
1539324504, 47, 32, 135, 0, 0, 1.88%, 22, 0, 2, 3231.62
1539324509, 47, 108, 135, 0, 0, 1.88%, 22, 0, 2, 3086.14
