# unix_time, cycles_done, cur_path, paths_total, pending_total, pending_favs, map_size, unique_crashes, unique_hangs, max_depth, execs_per_sec
1539328138, 0, 0, 6, 6, 6, 1.19%, 0, 0, 1, 2666.67
1539328143, 0, 0, 134, 134, 6, 1.33%, 0, 0, 2, 3041.05
1539328148, 0, 0, 198, 198, 6, 1.36%, 0, 0, 2, 3182.58
1539328153, 0, 0, 213, 213, 6, 1.37%, 0, 0, 2, 3217.02
1539328158, 0, 15, 215, 214, 37, 1.37%, 0, 0, 3, 3168.41
1539328163, 0, 15, 219, 218, 37, 1.40%, 0, 0, 3, 3205.41
1539328168, 0, 25, 225, 223, 33, 1.40%, 0, 0, 3, 3201.77
1539328173, 0, 45, 226, 223, 35, 1.40%, 0, 0, 3, 3176.58
1539328179, 0, 45, 229, 226, 35, 1.40%, 0, 0, 3, 3218.47
1539328184, 0, 56, 229, 225, 34, 1.40%, 0, 0, 3, 3213.53
1539328189, 0, 56, 238, 234, 34, 1.40%, 0, 0, 3, 3222.02
1539328194, 0, 56, 239, 235, 34, 1.40%, 0, 0, 3, 3202.54
1539328199, 0, 64, 239, 234, 33, 1.40%, 0, 0, 3, 3180.71
1539328204, 0, 72, 239, 233, 32, 1.40%, 0, 0, 3, 3182.22
1539328209, 0, 90, 241, 232, 29, 1.40%, 0, 0, 3, 3296.91
1539328214, 0, 90, 247, 238, 29, 1.41%, 0, 0, 3, 3187.49
1539328220, 0, 90, 253, 244, 29, 1.47%, 0, 0, 3, 3258.69
1539328225, 0, 97, 259, 249, 34, 1.52%, 0, 0, 3, 3263.61
1539328230, 0, 109, 259, 248, 33, 1.52%, 0, 0, 3, 3180.23
1539328235, 0, 125, 259, 247, 33, 1.52%, 0, 0, 3, 3067.45
1539328240, 0, 137, 259, 246, 32, 1.52%, 0, 0, 3, 2989.82
1539328250, 0, 140, 259, 245, 31, 1.52%, 0, 0, 3, 3067.49
1539328255, 0, 141, 259, 244, 30, 1.52%, 0, 0, 3, 2960.90
1539328260, 0, 145, 259, 243, 29, 1.52%, 0, 0, 3, 3146.98
1539328266, 0, 146, 259, 242, 28, 1.52%, 0, 0, 3, 3037.09
1539328271, 0, 158, 259, 241, 27, 1.52%, 0, 0, 3, 2968.27
1539328281, 0, 158, 268, 250, 27, 1.53%, 0, 0, 3, 2960.83
1539328286, 0, 158, 273, 255, 27, 1.53%, 0, 0, 3, 2979.74
1539328291, 0, 161, 273, 254, 26, 1.53%, 0, 0, 3, 3025.41
1539328296, 0, 168, 274, 254, 26, 1.54%, 0, 0, 3, 2994.44
1539328306, 0, 178, 274, 252, 24, 1.54%, 0, 0, 3, 3014.51
1539328317, 0, 185, 275, 252, 23, 1.54%, 0, 0, 3, 3031.96
1539328322, 0, 191, 275, 251, 22, 1.54%, 0, 0, 3, 3011.63
1539328327, 0, 194, 276, 251, 21, 1.54%, 0, 0, 3, 2994.20
1539328337, 0, 201, 276, 250, 20, 1.54%, 0, 0, 3, 3138.35
1539328342, 0, 208, 276, 249, 19, 1.54%, 0, 0, 3, 3187.92
1539328347, 0, 209, 276, 248, 18, 1.54%, 0, 0, 3, 3134.89
1539328352, 0, 218, 279, 250, 17, 1.54%, 0, 0, 4, 3041.21
1539328357, 0, 225, 279, 249, 18, 1.54%, 0, 0, 4, 2991.87
1539328368, 0, 241, 279, 248, 17, 1.54%, 0, 0, 4, 2963.87
1539328373, 0, 241, 297, 266, 17, 1.78%, 0, 0, 4, 2977.14
1539328378, 0, 241, 315, 284, 17, 1.84%, 0, 0, 4, 3011.97
1539328383, 0, 247, 326, 294, 40, 1.86%, 0, 0, 4, 3003.88
1539328388, 0, 247, 327, 295, 40, 1.87%, 0, 0, 4, 2988.89
1539328393, 0, 248, 328, 295, 41, 1.87%, 0, 0, 4, 2902.99
1539328398, 0, 249, 329, 295, 40, 1.87%, 0, 0, 4, 2858.11
1539328408, 0, 250, 333, 298, 39, 1.88%, 0, 0, 4, 2886.04
1539328413, 0, 250, 334, 299, 39, 1.88%, 0, 0, 4, 2870.48
1539328418, 0, 251, 335, 299, 40, 1.88%, 0, 0, 4, 2925.43
1539328423, 0, 252, 336, 299, 39, 1.88%, 0, 0, 4, 2928.67
1539328433, 0, 253, 352, 314, 38, 1.90%, 0, 0, 4, 2966.03
1539328438, 0, 254, 357, 318, 53, 1.91%, 0, 0, 4, 3046.57
1539328449, 0, 256, 357, 317, 52, 1.91%, 0, 0, 4, 2934.93
1539328459, 0, 258, 358, 317, 52, 1.91%, 0, 0, 4, 2809.02
1539328464, 0, 262, 358, 316, 51, 1.91%, 0, 0, 4, 2867.00
1539328469, 0, 262, 359, 317, 51, 1.91%, 0, 0, 4, 2865.56
1539328474, 0, 272, 359, 316, 50, 1.91%, 0, 0, 4, 2938.91
1539328479, 0, 273, 359, 315, 49, 1.91%, 0, 0, 4, 2960.06
1539328489, 0, 277, 359, 314, 48, 1.91%, 0, 0, 4, 2987.58
1539328494, 0, 278, 361, 315, 47, 1.91%, 0, 0, 5, 3032.73
1539328505, 0, 279, 363, 316, 46, 1.91%, 0, 0, 5, 2960.86
1539328510, 0, 280, 363, 315, 45, 1.91%, 0, 0, 5, 2960.47
1539328520, 0, 281, 364, 315, 43, 1.91%, 0, 0, 5, 2980.29
1539328525, 0, 281, 365, 316, 43, 1.91%, 0, 0, 5, 2954.19
1539328530, 0, 281, 372, 323, 43, 1.94%, 0, 0, 5, 3031.30
1539328536, 0, 281, 374, 325, 43, 1.94%, 0, 0, 5, 3045.35
1539328541, 0, 283, 375, 325, 49, 1.94%, 0, 0, 5, 2968.43
1539328546, 0, 288, 375, 324, 48, 1.94%, 0, 0, 5, 2919.94
1539328556, 0, 289, 375, 323, 47, 1.94%, 0, 0, 5, 2771.31
1539328561, 0, 289, 376, 324, 47, 1.94%, 0, 0, 5, 2852.95
1539328566, 0, 289, 389, 337, 47, 1.95%, 0, 0, 5, 2943.14
1539328571, 0, 289, 394, 342, 47, 1.96%, 0, 0, 5, 2964.94
1539328577, 0, 290, 395, 342, 48, 1.96%, 0, 0, 5, 3018.47
1539328582, 0, 291, 397, 343, 47, 1.96%, 0, 0, 5, 2985.32
1539328587, 0, 291, 398, 344, 47, 1.96%, 0, 0, 5, 2821.43
1539328592, 0, 291, 410, 356, 47, 1.99%, 0, 0, 5, 2862.88
1539328597, 0, 291, 415, 361, 47, 2.00%, 0, 0, 5, 2922.55
1539328602, 0, 294, 420, 365, 52, 2.03%, 0, 0, 5, 2877.80
1539328612, 0, 296, 420, 364, 51, 2.03%, 0, 0, 5, 2956.71
1539328618, 0, 304, 420, 363, 50, 2.03%, 0, 0, 5, 2996.70
1539328628, 0, 306, 422, 364, 49, 2.03%, 0, 0, 5, 2893.94
1539328633, 0, 306, 424, 366, 49, 2.03%, 0, 0, 5, 2891.26
1539328638, 0, 306, 428, 370, 49, 2.03%, 0, 0, 5, 3021.11
1539328643, 0, 306, 430, 372, 49, 2.03%, 0, 0, 5, 2874.46
1539328648, 0, 308, 430, 371, 48, 2.03%, 0, 0, 5, 2968.16
1539328653, 0, 310, 432, 372, 46, 2.03%, 0, 0, 5, 2883.02
1539328664, 0, 313, 432, 371, 46, 2.03%, 0, 0, 5, 2866.81
1539328669, 0, 317, 432, 370, 45, 2.03%, 0, 0, 5, 2845.70
1539328674, 0, 317, 433, 371, 45, 2.03%, 0, 0, 5, 2713.92
1539328679, 0, 317, 439, 377, 45, 2.05%, 0, 0, 5, 2907.74
1539328684, 0, 317, 441, 379, 45, 2.05%, 0, 0, 5, 2985.01
1539328689, 0, 320, 444, 381, 46, 2.08%, 0, 0, 5, 2906.29
1539328699, 0, 326, 444, 380, 45, 2.08%, 0, 0, 5, 2956.37
1539328704, 0, 327, 447, 382, 44, 2.08%, 0, 0, 5, 3008.02
1539328715, 0, 328, 448, 382, 44, 2.08%, 0, 0, 5, 2955.92
1539328720, 0, 331, 448, 381, 43, 2.08%, 0, 0, 5, 2910.56
1539328730, 0, 338, 449, 381, 42, 2.08%, 0, 0, 5, 3017.66
1539328735, 0, 339, 449, 380, 41, 2.08%, 0, 0, 5, 3078.86
