# unix_time, cycles_done, cur_path, paths_total, pending_total, pending_favs, map_size, unique_crashes, unique_hangs, max_depth, execs_per_sec
1539322102, 0, 0, 6, 6, 6, 1.49%, 0, 0, 1, 2666.67
1539322107, 0, 0, 121, 121, 6, 1.87%, 6, 0, 2, 3149.56
1539322113, 0, 0, 123, 123, 6, 1.87%, 9, 0, 2, 3217.14
1539322118, 0, 19, 123, 120, 24, 1.87%, 9, 0, 2, 3162.12
1539322123, 0, 51, 123, 116, 20, 1.87%, 9, 0, 2, 3151.51
1539322128, 0, 60, 123, 113, 17, 1.87%, 9, 0, 2, 3137.91
1539322133, 0, 72, 123, 110, 13, 1.87%, 10, 0, 2, 3123.54
1539322138, 0, 78, 123, 107, 10, 1.87%, 10, 0, 2, 2947.71
1539322143, 0, 96, 123, 105, 8, 1.87%, 10, 0, 2, 2975.18
1539322148, 0, 101, 123, 103, 6, 1.87%, 10, 0, 2, 2938.82
1539322153, 0, 110, 124, 101, 3, 1.87%, 10, 0, 3, 3018.04
1539322158, 0, 118, 124, 99, 1, 1.87%, 10, 0, 3, 2984.33
1539322163, 1, 7, 124, 96, 0, 1.87%, 10, 0, 3, 3142.30
1539322168, 1, 23, 124, 93, 0, 1.87%, 10, 0, 3, 3077.57
1539322173, 1, 38, 124, 90, 0, 1.87%, 10, 0, 3, 3079.29
1539322178, 1, 52, 124, 87, 0, 1.87%, 10, 0, 3, 3094.99
1539322183, 1, 70, 124, 84, 0, 1.87%, 10, 0, 3, 3105.37
1539322189, 1, 92, 124, 82, 0, 1.87%, 10, 0, 3, 3115.98
1539322194, 1, 119, 124, 80, 0, 1.87%, 10, 0, 3, 3038.11
1539322199, 2, 20, 124, 77, 0, 1.87%, 10, 0, 3, 3016.42
1539322204, 2, 28, 124, 74, 0, 1.87%, 10, 0, 3, 3095.18
1539322209, 2, 44, 124, 72, 0, 1.87%, 10, 0, 3, 3126.26
1539322214, 2, 62, 124, 70, 0, 1.87%, 10, 0, 3, 2986.18
1539322219, 2, 67, 124, 68, 0, 1.87%, 10, 0, 3, 3010.13
1539322224, 2, 81, 124, 66, 0, 1.87%, 10, 0, 3, 3014.50
1539322230, 2, 89, 124, 63, 0, 1.87%, 10, 0, 3, 2956.44
1539322235, 2, 93, 124, 61, 0, 1.87%, 10, 0, 3, 2974.28
1539322240, 2, 102, 124, 59, 0, 1.87%, 10, 0, 3, 2891.56
1539322245, 2, 107, 124, 57, 0, 1.87%, 10, 0, 3, 2970.28
1539322250, 2, 115, 124, 55, 0, 1.87%, 10, 0, 3, 3015.23
1539322255, 3, 19, 124, 52, 0, 1.87%, 10, 0, 3, 2998.87
1539322260, 3, 48, 124, 47, 0, 1.87%, 10, 0, 3, 3059.98
1539322265, 3, 53, 124, 45, 0, 1.87%, 10, 0, 3, 2951.02
1539322270, 3, 83, 124, 44, 0, 1.87%, 10, 0, 3, 3076.27
1539322276, 3, 91, 124, 42, 0, 1.87%, 10, 0, 3, 3027.02
1539322281, 3, 100, 124, 40, 0, 1.87%, 10, 0, 3, 2971.85
1539322286, 4, 11, 124, 38, 0, 1.87%, 10, 0, 3, 3064.06
1539322291, 4, 38, 124, 35, 0, 1.87%, 10, 0, 3, 3105.08
1539322296, 4, 58, 124, 33, 0, 1.87%, 10, 0, 3, 2979.48
1539322301, 4, 73, 124, 32, 0, 1.87%, 10, 0, 3, 3090.00
1539322306, 4, 114, 124, 29, 0, 1.87%, 10, 0, 3, 3100.74
1539322312, 5, 1, 124, 27, 0, 1.87%, 10, 0, 3, 3038.38
1539322317, 5, 18, 124, 24, 0, 1.87%, 10, 0, 3, 3107.68
1539322322, 5, 96, 124, 23, 0, 1.87%, 10, 0, 3, 3133.17
1539322327, 6, 50, 124, 22, 0, 1.87%, 10, 0, 3, 3020.26
1539322332, 6, 108, 124, 21, 0, 1.87%, 10, 0, 3, 3126.13
1539322337, 7, 60, 124, 19, 0, 1.87%, 10, 0, 3, 3185.50
1539322342, 7, 82, 124, 18, 0, 1.87%, 10, 0, 3, 3096.04
1539322348, 8, 34, 124, 16, 0, 1.87%, 10, 0, 3, 3204.49
1539322353, 8, 98, 124, 15, 0, 1.87%, 10, 0, 3, 3083.23
1539322358, 9, 26, 124, 14, 0, 1.87%, 10, 0, 3, 3107.47
1539322363, 9, 110, 124, 13, 0, 1.87%, 10, 0, 3, 3124.72
1539322368, 10, 52, 124, 11, 0, 1.87%, 10, 0, 3, 3186.55
1539322373, 10, 113, 124, 11, 0, 1.87%, 10, 0, 3, 3198.56
1539322378, 11, 103, 124, 10, 0, 1.87%, 10, 0, 3, 3211.29
1539322383, 12, 1, 124, 8, 0, 1.87%, 10, 0, 3, 3151.70
1539322389, 12, 97, 124, 8, 0, 1.87%, 10, 0, 3, 3181.09
1539322394, 13, 54, 124, 7, 0, 1.87%, 10, 0, 3, 3220.47
1539322399, 14, 1, 124, 6, 0, 1.87%, 10, 0, 3, 3230.38
1539322404, 14, 75, 124, 6, 0, 1.87%, 10, 0, 3, 3173.75
1539322409, 15, 43, 124, 5, 0, 1.87%, 10, 0, 3, 3151.84
1539322414, 15, 110, 124, 4, 0, 1.87%, 10, 0, 3, 3193.77
1539322420, 16, 63, 124, 3, 0, 1.87%, 10, 0, 3, 3218.21
1539322425, 16, 114, 124, 2, 0, 1.87%, 10, 0, 3, 3190.37
1539322430, 17, 107, 124, 2, 0, 1.87%, 10, 0, 3, 3191.78
1539322435, 18, 77, 124, 2, 0, 1.87%, 10, 0, 3, 3198.53
1539322440, 19, 77, 124, 2, 0, 1.87%, 10, 0, 3, 3209.30
1539322445, 20, 72, 124, 2, 0, 1.87%, 10, 0, 3, 3205.36
1539322451, 21, 59, 124, 2, 0, 1.87%, 10, 0, 3, 3192.25
1539322456, 22, 26, 124, 1, 0, 1.87%, 10, 0, 3, 3202.77
1539322461, 22, 117, 124, 1, 0, 1.87%, 10, 0, 3, 3164.25
1539322466, 23, 114, 124, 1, 0, 1.87%, 10, 0, 3, 3169.79
1539322471, 24, 86, 124, 1, 0, 1.87%, 10, 0, 3, 3084.15
1539322476, 25, 52, 124, 0, 0, 1.87%, 10, 0, 3, 3019.20
1539322482, 26, 18, 124, 0, 0, 1.87%, 10, 0, 3, 3052.50
1539322487, 26, 114, 124, 0, 0, 1.87%, 10, 0, 3, 3152.34
1539322492, 27, 94, 124, 0, 0, 1.87%, 10, 0, 3, 3166.51
1539322497, 28, 70, 124, 0, 0, 1.87%, 10, 0, 3, 3103.29
1539322502, 29, 70, 124, 0, 0, 1.87%, 10, 0, 3, 3207.22
1539322507, 30, 65, 124, 0, 0, 1.87%, 10, 0, 3, 3058.41
1539322512, 31, 40, 124, 0, 0, 1.87%, 10, 0, 3, 2991.74
1539322518, 32, 26, 124, 0, 0, 1.87%, 10, 0, 3, 3173.89
1539322523, 32, 116, 124, 0, 0, 1.87%, 10, 0, 3, 3089.55
1539322528, 33, 94, 124, 0, 0, 1.87%, 10, 0, 3, 3150.82
1539322533, 34, 70, 124, 0, 0, 1.87%, 10, 0, 3, 3211.86
1539322538, 35, 70, 124, 0, 0, 1.87%, 10, 0, 3, 3176.80
1539322543, 36, 58, 124, 0, 0, 1.87%, 10, 0, 3, 3207.01
1539322549, 37, 22, 124, 0, 0, 1.87%, 10, 0, 3, 3108.50
1539322554, 37, 114, 124, 0, 0, 1.87%, 10, 0, 3, 3155.98
1539322559, 38, 94, 124, 0, 0, 1.87%, 10, 0, 3, 3066.41
1539322564, 39, 83, 124, 0, 0, 1.87%, 10, 0, 3, 3138.27
1539322569, 40, 73, 124, 0, 0, 1.87%, 10, 0, 3, 3217.18
1539322574, 41, 72, 124, 0, 0, 1.87%, 10, 0, 3, 3212.92
1539322580, 42, 60, 124, 0, 0, 1.87%, 10, 0, 3, 3206.25
1539322585, 43, 52, 124, 0, 0, 1.87%, 10, 0, 3, 3176.88
1539322590, 44, 24, 124, 0, 0, 1.87%, 10, 0, 3, 3121.27
1539322595, 44, 113, 124, 0, 0, 1.87%, 10, 0, 3, 3006.69
1539322600, 45, 94, 124, 0, 0, 1.87%, 10, 0, 3, 3113.34
1539322605, 46, 94, 124, 0, 0, 1.87%, 10, 0, 3, 3195.63
1539322610, 47, 77, 124, 0, 0, 1.87%, 10, 0, 3, 3145.56
1539322616, 48, 72, 124, 0, 0, 1.87%, 10, 0, 3, 3057.02
1539322621, 49, 70, 124, 0, 0, 1.87%, 10, 0, 3, 3122.10
1539322626, 50, 65, 124, 0, 0, 1.87%, 10, 0, 3, 3093.04
1539322631, 51, 65, 124, 0, 0, 1.87%, 10, 0, 3, 3134.90
1539322636, 52, 36, 124, 0, 0, 1.87%, 10, 0, 3, 3087.89
1539322642, 53, 32, 124, 0, 0, 1.87%, 10, 0, 3, 3156.73
1539322647, 54, 1, 124, 0, 0, 1.87%, 10, 0, 3, 3146.56
1539322652, 54, 98, 124, 0, 0, 1.87%, 10, 0, 3, 3107.53
1539322657, 55, 98, 124, 0, 0, 1.87%, 10, 0, 3, 3052.26
1539322662, 56, 98, 124, 0, 0, 1.87%, 10, 0, 3, 3080.39
1539322667, 57, 83, 124, 0, 0, 1.87%, 10, 0, 3, 3177.13
1539322672, 58, 53, 124, 0, 0, 1.87%, 10, 0, 3, 3161.98
1539322678, 59, 36, 124, 0, 0, 1.87%, 10, 0, 3, 3123.47
1539322683, 59, 117, 124, 0, 0, 1.87%, 10, 0, 3, 3174.99
1539322688, 60, 85, 124, 0, 0, 1.87%, 10, 0, 3, 3090.95
1539322693, 61, 72, 124, 0, 0, 1.87%, 10, 0, 3, 3169.20
1539322698, 62, 67, 124, 0, 0, 1.87%, 10, 0, 3, 3143.89
