# unix_time, cycles_done, cur_path, paths_total, pending_total, pending_favs, map_size, unique_crashes, unique_hangs, max_depth, execs_per_sec
1539311237, 0, 0, 6, 6, 5, 1.50%, 0, 0, 1, 2666.67
1539311243, 0, 0, 119, 119, 5, 1.88%, 9, 0, 2, 2968.03
1539311248, 0, 0, 122, 122, 5, 1.88%, 12, 0, 2, 3167.20
1539311253, 0, 12, 123, 121, 26, 1.88%, 13, 0, 2, 3013.93
1539311258, 0, 32, 123, 117, 22, 1.88%, 13, 0, 2, 3040.71
1539311263, 0, 47, 123, 114, 19, 1.88%, 13, 0, 2, 2979.62
1539311268, 0, 70, 123, 111, 16, 1.88%, 14, 0, 2, 3037.86
1539311273, 0, 77, 123, 107, 12, 1.88%, 14, 0, 2, 3072.50
1539311278, 0, 83, 123, 105, 10, 1.88%, 14, 0, 2, 3012.25
1539311283, 0, 89, 124, 104, 8, 1.88%, 14, 0, 3, 3026.48
1539311288, 0, 98, 124, 101, 5, 1.88%, 14, 0, 3, 3005.15
1539311294, 0, 102, 124, 99, 3, 1.88%, 14, 0, 3, 3009.14
1539311299, 0, 120, 124, 96, 1, 1.88%, 14, 0, 3, 3032.65
1539311304, 1, 10, 124, 93, 0, 1.88%, 14, 0, 3, 3040.69
1539311309, 1, 19, 124, 90, 0, 1.88%, 14, 0, 3, 3023.96
1539311314, 1, 49, 124, 85, 0, 1.88%, 14, 0, 3, 3107.16
1539311319, 1, 58, 124, 83, 0, 1.88%, 14, 0, 3, 3034.53
1539311324, 1, 76, 124, 80, 0, 1.88%, 14, 0, 3, 3041.12
1539311329, 1, 104, 124, 78, 0, 1.88%, 14, 0, 3, 3031.71
1539311334, 1, 109, 124, 76, 0, 1.88%, 14, 0, 3, 3046.31
1539311339, 1, 119, 124, 73, 0, 1.88%, 14, 0, 3, 3049.68
1539311344, 2, 4, 124, 70, 0, 1.88%, 14, 0, 3, 3057.92
1539311349, 2, 29, 124, 68, 0, 1.88%, 14, 0, 3, 3064.65
1539311354, 2, 63, 124, 66, 0, 1.88%, 14, 0, 3, 3113.10
1539311360, 2, 84, 124, 64, 0, 1.88%, 14, 0, 3, 2963.56
1539311365, 2, 103, 124, 63, 0, 1.88%, 14, 0, 3, 2983.41
1539311370, 2, 118, 124, 61, 0, 1.88%, 14, 0, 3, 2967.66
1539311375, 3, 20, 124, 59, 0, 1.88%, 14, 0, 3, 3003.05
1539311380, 3, 45, 124, 55, 0, 1.88%, 14, 0, 3, 3119.83
1539311385, 3, 77, 124, 53, 0, 1.88%, 14, 0, 3, 3185.23
1539311391, 3, 87, 125, 52, 0, 1.88%, 14, 0, 3, 3019.21
1539311396, 3, 105, 125, 50, 0, 1.88%, 14, 0, 3, 3005.42
1539311401, 3, 117, 125, 48, 0, 1.88%, 14, 0, 3, 2998.24
1539311406, 4, 32, 125, 45, 0, 1.88%, 14, 0, 3, 3090.73
1539311411, 4, 50, 125, 43, 0, 1.88%, 14, 0, 3, 3171.47
1539311416, 4, 62, 125, 41, 0, 1.88%, 14, 0, 3, 3089.82
1539311421, 4, 111, 125, 39, 0, 1.88%, 14, 0, 3, 3114.11
1539311426, 5, 11, 125, 38, 0, 1.88%, 14, 0, 3, 3061.34
1539311431, 5, 33, 125, 35, 0, 1.88%, 14, 0, 3, 3163.04
1539311436, 5, 61, 125, 32, 0, 1.88%, 14, 0, 3, 3153.44
1539311441, 5, 110, 125, 31, 0, 1.88%, 14, 0, 3, 3088.97
1539311446, 6, 15, 125, 29, 0, 1.88%, 14, 0, 3, 3096.21
1539311451, 6, 58, 125, 27, 0, 1.88%, 14, 0, 3, 3130.65
1539311457, 6, 99, 125, 26, 0, 1.88%, 14, 0, 3, 3113.08
1539311462, 6, 122, 125, 24, 0, 1.88%, 14, 0, 3, 3031.77
1539311467, 7, 39, 125, 22, 0, 1.88%, 14, 0, 3, 3078.74
1539311472, 7, 64, 125, 20, 0, 1.88%, 14, 0, 3, 3047.03
1539311477, 7, 79, 125, 18, 0, 1.88%, 14, 0, 3, 3099.84
1539311482, 7, 112, 125, 17, 0, 1.88%, 14, 0, 3, 3027.35
1539311487, 8, 1, 125, 15, 0, 1.88%, 14, 0, 3, 3044.97
1539311492, 8, 35, 125, 12, 0, 1.88%, 14, 0, 3, 3040.40
1539311497, 8, 73, 125, 11, 0, 1.88%, 14, 0, 3, 3026.25
1539311502, 9, 12, 125, 10, 0, 1.88%, 14, 0, 3, 3031.98
1539311507, 9, 116, 125, 10, 0, 1.88%, 14, 0, 3, 3098.36
1539311513, 10, 61, 125, 9, 0, 1.88%, 14, 0, 3, 3025.55
1539311518, 10, 86, 125, 8, 0, 1.88%, 14, 0, 3, 2998.70
1539311523, 11, 45, 125, 7, 0, 1.88%, 14, 0, 3, 3044.96
1539311528, 11, 88, 125, 6, 0, 1.88%, 14, 0, 3, 3083.29
1539311533, 12, 74, 125, 6, 0, 1.88%, 14, 0, 3, 3143.69
1539311538, 12, 106, 125, 4, 0, 1.88%, 14, 0, 3, 3094.48
1539311543, 13, 71, 125, 4, 0, 1.88%, 14, 0, 3, 3167.37
1539311548, 14, 22, 125, 3, 0, 1.88%, 14, 0, 3, 3163.15
1539311554, 14, 79, 125, 2, 0, 1.88%, 14, 0, 3, 3174.01
1539311559, 15, 71, 125, 2, 0, 1.88%, 14, 0, 3, 3172.11
1539311564, 16, 67, 125, 2, 0, 1.88%, 14, 0, 3, 3195.50
1539311569, 16, 107, 125, 1, 0, 1.88%, 14, 0, 3, 3120.59
1539311574, 17, 56, 125, 1, 0, 1.88%, 14, 0, 3, 3036.40
1539311580, 18, 32, 125, 0, 0, 1.88%, 14, 0, 3, 3089.40
1539311585, 18, 113, 125, 0, 0, 1.88%, 14, 0, 3, 3123.00
1539311590, 19, 77, 125, 0, 0, 1.88%, 14, 0, 3, 3093.86
1539311595, 20, 68, 125, 0, 0, 1.88%, 14, 0, 3, 3048.83
1539311600, 21, 54, 125, 0, 0, 1.88%, 14, 0, 3, 3092.82
1539311605, 21, 120, 125, 0, 0, 1.88%, 14, 0, 3, 3150.97
1539311610, 22, 111, 125, 0, 0, 1.88%, 14, 0, 3, 3166.56
1539311616, 23, 77, 125, 0, 0, 1.88%, 14, 0, 3, 3168.22
1539311621, 24, 70, 125, 0, 0, 1.88%, 14, 0, 3, 3159.06
1539311626, 25, 55, 125, 0, 0, 1.88%, 14, 0, 3, 3144.26
1539311631, 26, 32, 125, 0, 0, 1.88%, 14, 0, 3, 3139.05
1539311636, 26, 94, 125, 0, 0, 1.88%, 14, 0, 3, 3173.20
1539311641, 27, 88, 125, 0, 0, 1.88%, 14, 0, 3, 3173.57
1539311647, 28, 67, 125, 0, 0, 1.88%, 15, 0, 3, 3125.33
1539311652, 29, 55, 125, 0, 0, 1.88%, 15, 0, 3, 3175.90
1539311657, 30, 22, 125, 0, 0, 1.88%, 15, 0, 3, 3061.42
1539311662, 30, 120, 125, 0, 0, 1.88%, 15, 0, 3, 3126.19
1539311667, 31, 94, 125, 0, 0, 1.88%, 15, 0, 3, 3015.13
1539311672, 32, 71, 125, 0, 0, 1.88%, 15, 0, 3, 3055.25
1539311677, 33, 58, 125, 0, 0, 1.88%, 15, 0, 3, 3125.79
1539311683, 34, 44, 125, 0, 0, 1.88%, 15, 0, 3, 3162.32
1539311688, 35, 22, 125, 0, 0, 1.88%, 15, 0, 3, 3155.77
1539311693, 35, 116, 125, 0, 0, 1.88%, 15, 0, 3, 3141.69
1539311698, 36, 88, 125, 0, 0, 1.88%, 15, 0, 3, 3155.23
1539311703, 37, 68, 125, 0, 0, 1.88%, 15, 0, 3, 3163.10
1539311708, 38, 64, 125, 0, 0, 1.88%, 15, 0, 3, 3147.30
1539311714, 39, 52, 125, 0, 0, 1.88%, 15, 0, 3, 3147.79
1539311719, 40, 20, 125, 0, 0, 1.88%, 15, 0, 3, 3155.42
1539311724, 40, 106, 125, 0, 0, 1.88%, 15, 0, 3, 3162.32
1539311729, 41, 79, 125, 0, 0, 1.88%, 15, 0, 3, 3166.69
1539311734, 42, 71, 125, 0, 0, 1.88%, 15, 0, 3, 3176.59
1539311739, 43, 55, 125, 0, 0, 1.88%, 15, 0, 3, 3149.67
1539311744, 44, 54, 125, 0, 0, 1.88%, 15, 0, 3, 3091.47
1539311749, 44, 120, 125, 0, 0, 1.88%, 15, 0, 3, 3059.69
1539311755, 45, 77, 125, 0, 0, 1.88%, 15, 0, 3, 3076.01
1539311760, 46, 59, 125, 0, 0, 1.88%, 15, 0, 3, 3065.77
1539311765, 47, 22, 125, 0, 0, 1.88%, 15, 0, 3, 3012.98
1539311770, 47, 111, 125, 0, 0, 1.88%, 15, 0, 3, 3129.08
1539311775, 48, 79, 125, 0, 0, 1.88%, 15, 0, 3, 3141.42
1539311780, 49, 68, 125, 0, 0, 1.88%, 15, 0, 3, 3120.10
1539311785, 50, 54, 125, 0, 0, 1.88%, 15, 0, 3, 3149.80
1539311791, 51, 22, 125, 0, 0, 1.88%, 15, 0, 3, 3124.88
1539311796, 51, 119, 125, 0, 0, 1.88%, 15, 0, 3, 3150.95
1539311801, 52, 72, 125, 0, 0, 1.88%, 15, 0, 3, 3175.06
1539311806, 53, 65, 125, 0, 0, 1.88%, 15, 0, 3, 3075.62
1539311811, 54, 9, 125, 0, 0, 1.88%, 15, 0, 3, 3137.85
1539311816, 54, 86, 125, 0, 0, 1.88%, 15, 0, 3, 3170.60
1539311821, 55, 67, 125, 0, 0, 1.88%, 15, 0, 3, 3126.94
1539311827, 56, 32, 125, 0, 0, 1.88%, 15, 0, 3, 3140.98
1539311832, 56, 116, 125, 0, 0, 1.88%, 15, 0, 3, 3173.68
1539311837, 57, 75, 125, 0, 0, 1.88%, 15, 0, 3, 3171.24
