# unix_time, cycles_done, cur_path, paths_total, pending_total, pending_favs, map_size, unique_crashes, unique_hangs, max_depth, execs_per_sec
1539314255, 0, 0, 6, 6, 5, 1.74%, 0, 0, 1, 2400.00
1539314260, 0, 0, 104, 104, 5, 1.98%, 0, 0, 2, 2655.61
1539314266, 0, 0, 321, 321, 5, 2.10%, 0, 0, 2, 2882.21
1539314271, 0, 19, 336, 335, 63, 2.12%, 0, 0, 2, 2888.54
1539314276, 0, 19, 343, 342, 63, 2.12%, 0, 0, 3, 2907.40
1539314281, 0, 19, 353, 352, 63, 2.12%, 0, 0, 3, 2978.91
1539314286, 0, 26, 356, 354, 66, 2.13%, 0, 0, 3, 2887.26
1539314291, 0, 39, 356, 353, 65, 2.13%, 0, 0, 3, 2682.05
1539314296, 0, 39, 357, 354, 65, 2.13%, 0, 0, 3, 2866.32
1539314301, 0, 39, 363, 360, 65, 2.13%, 0, 0, 3, 2896.10
1539314306, 0, 39, 372, 369, 65, 2.13%, 0, 0, 3, 2973.89
1539314311, 0, 55, 372, 368, 66, 2.13%, 0, 0, 3, 2755.48
1539314316, 0, 57, 373, 368, 65, 2.13%, 0, 0, 3, 2928.40
1539314321, 0, 75, 373, 367, 64, 2.13%, 0, 0, 3, 2947.16
1539314326, 0, 91, 373, 366, 63, 2.13%, 0, 0, 3, 2778.23
1539314331, 0, 92, 373, 365, 61, 2.13%, 0, 0, 3, 2766.72
1539314336, 0, 101, 374, 365, 60, 2.13%, 0, 0, 3, 2727.23
1539314341, 0, 135, 374, 364, 59, 2.13%, 0, 0, 3, 2910.41
1539314346, 0, 146, 376, 364, 58, 2.13%, 0, 0, 3, 2950.65
1539314352, 0, 146, 382, 370, 58, 2.13%, 0, 0, 3, 2745.07
1539314357, 0, 146, 392, 380, 58, 2.13%, 0, 0, 3, 2871.41
1539314362, 0, 146, 399, 387, 58, 2.14%, 0, 0, 3, 2912.15
1539314367, 0, 151, 401, 387, 58, 2.14%, 0, 0, 3, 2848.85
1539314372, 0, 151, 403, 389, 58, 2.14%, 0, 0, 3, 2764.24
1539314377, 0, 151, 410, 396, 58, 2.15%, 0, 0, 3, 2972.74
1539314387, 0, 153, 410, 395, 60, 2.15%, 0, 0, 3, 2780.39
1539314392, 0, 160, 410, 393, 58, 2.15%, 0, 0, 3, 3086.50
1539314397, 0, 164, 411, 393, 57, 2.15%, 0, 0, 3, 2908.56
1539314402, 0, 164, 412, 394, 57, 2.15%, 0, 0, 3, 2671.61
1539314408, 0, 167, 412, 393, 58, 2.15%, 0, 0, 3, 2745.99
1539314413, 0, 172, 412, 392, 57, 2.15%, 0, 0, 3, 2662.94
1539314418, 0, 177, 413, 391, 55, 2.15%, 0, 0, 3, 2698.23
1539314423, 0, 177, 414, 392, 55, 2.15%, 0, 0, 3, 2550.10
1539314428, 0, 180, 416, 393, 55, 2.15%, 0, 0, 3, 2656.83
1539314433, 0, 186, 416, 392, 54, 2.15%, 0, 0, 3, 2766.66
1539314438, 0, 194, 416, 391, 53, 2.15%, 0, 0, 3, 3064.57
1539314443, 0, 195, 416, 390, 52, 2.15%, 0, 0, 3, 2922.79
1539314448, 0, 201, 416, 389, 51, 2.15%, 0, 0, 3, 2699.33
1539314453, 0, 208, 416, 388, 50, 2.15%, 0, 0, 3, 3005.12
1539314458, 0, 210, 416, 387, 49, 2.15%, 0, 0, 3, 2816.51
1539314463, 0, 215, 416, 386, 48, 2.15%, 0, 0, 3, 2814.49
1539314468, 0, 238, 416, 385, 48, 2.15%, 0, 0, 3, 2667.54
1539314473, 0, 244, 416, 384, 47, 2.15%, 0, 0, 3, 2719.06
1539314479, 0, 245, 416, 383, 46, 2.15%, 0, 0, 3, 2641.41
1539314484, 0, 246, 417, 383, 45, 2.15%, 0, 0, 3, 2612.74
1539314489, 0, 249, 417, 382, 44, 2.15%, 0, 0, 3, 2634.54
1539314494, 0, 257, 417, 381, 43, 2.15%, 0, 0, 3, 2662.27
1539314499, 0, 272, 417, 380, 42, 2.15%, 0, 0, 3, 2800.73
1539314504, 0, 274, 417, 379, 41, 2.15%, 0, 0, 3, 2856.74
1539314509, 0, 280, 417, 378, 40, 2.15%, 0, 0, 3, 2870.69
1539314514, 0, 284, 417, 377, 39, 2.15%, 0, 0, 3, 2864.42
1539314524, 0, 286, 418, 377, 40, 2.15%, 0, 0, 3, 2651.83
1539314529, 0, 291, 418, 376, 39, 2.15%, 0, 0, 3, 2711.81
1539314534, 0, 292, 418, 375, 38, 2.15%, 0, 0, 3, 2758.47
1539314539, 0, 294, 418, 374, 37, 2.15%, 0, 0, 3, 2752.12
1539314544, 0, 295, 418, 373, 37, 2.15%, 0, 0, 3, 2744.66
1539314549, 0, 296, 420, 374, 37, 2.15%, 0, 0, 3, 2853.90
1539314554, 0, 297, 420, 373, 36, 2.15%, 0, 0, 3, 2688.15
1539314564, 0, 308, 420, 372, 35, 2.15%, 0, 0, 3, 2505.78
1539314569, 0, 309, 420, 371, 34, 2.15%, 0, 0, 3, 2499.18
1539314580, 0, 317, 420, 370, 33, 2.15%, 0, 0, 3, 2707.40
1539314585, 0, 318, 420, 369, 32, 2.15%, 0, 0, 3, 2598.68
1539314590, 0, 323, 420, 368, 31, 2.15%, 0, 0, 3, 2580.33
1539314595, 0, 327, 420, 367, 30, 2.15%, 0, 0, 3, 2600.30
1539314605, 0, 328, 422, 368, 29, 2.15%, 0, 0, 3, 2772.52
1539314610, 0, 331, 422, 367, 28, 2.15%, 0, 0, 3, 2517.87
1539314615, 0, 333, 422, 366, 27, 2.15%, 2, 0, 3, 2529.75
1539314620, 0, 333, 422, 366, 27, 2.15%, 4, 0, 3, 2597.47
1539314625, 0, 335, 422, 365, 26, 2.15%, 5, 0, 3, 2620.40
1539314631, 0, 337, 423, 365, 25, 2.15%, 5, 0, 3, 2584.60
1539314636, 0, 338, 425, 366, 24, 2.15%, 5, 0, 4, 2534.99
1539314641, 0, 342, 425, 365, 23, 2.15%, 5, 0, 4, 2564.41
1539314651, 0, 347, 425, 364, 22, 2.15%, 5, 0, 4, 2546.19
1539314656, 0, 351, 425, 363, 21, 2.15%, 5, 0, 4, 2624.95
1539314661, 0, 352, 425, 362, 20, 2.15%, 5, 0, 4, 2572.48
1539314666, 0, 353, 425, 361, 19, 2.15%, 5, 0, 4, 2569.98
1539314671, 0, 361, 425, 360, 18, 2.15%, 5, 0, 4, 2537.56
1539314681, 0, 364, 426, 360, 17, 2.15%, 5, 0, 4, 2409.72
1539314691, 0, 365, 426, 359, 16, 2.15%, 5, 0, 4, 2522.15
1539314696, 0, 368, 427, 359, 16, 2.15%, 5, 0, 4, 2525.43
1539314706, 0, 369, 427, 358, 15, 2.15%, 5, 0, 4, 2568.69
1539314711, 0, 374, 428, 358, 14, 2.15%, 5, 0, 4, 2788.23
1539314716, 0, 379, 428, 357, 13, 2.15%, 5, 0, 4, 2608.71
1539314726, 0, 388, 428, 356, 12, 2.15%, 5, 0, 4, 2602.10
1539314732, 0, 392, 428, 355, 11, 2.15%, 5, 0, 4, 2588.31
1539314737, 0, 398, 428, 354, 10, 2.15%, 8, 0, 4, 2505.93
1539314742, 0, 398, 428, 354, 10, 2.15%, 9, 0, 4, 2427.66
1539314747, 0, 401, 428, 353, 9, 2.15%, 12, 0, 4, 2369.13
1539314757, 0, 404, 429, 353, 8, 2.15%, 12, 0, 4, 2557.61
1539314762, 0, 406, 429, 352, 7, 2.15%, 12, 0, 4, 2513.54
1539314772, 0, 410, 429, 351, 6, 2.15%, 12, 0, 4, 2519.34
1539314777, 0, 411, 429, 350, 5, 2.15%, 12, 0, 4, 2604.04
1539314787, 0, 414, 430, 350, 4, 2.16%, 12, 0, 4, 2590.10
1539314792, 0, 414, 431, 351, 4, 2.16%, 12, 0, 4, 2636.54
1539314797, 0, 417, 432, 351, 6, 2.16%, 12, 0, 4, 2573.02
1539314803, 0, 418, 432, 350, 5, 2.16%, 12, 0, 4, 2541.41
1539314813, 0, 426, 432, 349, 4, 2.16%, 12, 0, 4, 2638.48
1539314818, 0, 429, 432, 348, 3, 2.16%, 12, 0, 4, 2702.09
1539314828, 0, 430, 432, 347, 2, 2.16%, 12, 0, 4, 2692.09
1539314833, 0, 431, 433, 347, 1, 2.16%, 12, 0, 5, 2726.06
1539314844, 1, 8, 433, 346, 0, 2.16%, 12, 0, 5, 2652.71
1539314849, 1, 9, 433, 345, 0, 2.16%, 12, 0, 5, 2669.84
1539314854, 1, 12, 433, 344, 0, 2.16%, 12, 0, 5, 2653.66
