# unix_time, cycles_done, cur_path, paths_total, pending_total, pending_favs, map_size, unique_crashes, unique_hangs, max_depth, execs_per_sec
1539308823, 0, 0, 6, 6, 5, 1.74%, 0, 0, 1, 2400.00
1539308828, 0, 0, 103, 103, 5, 1.98%, 0, 0, 2, 2639.59
1539308833, 0, 0, 329, 329, 5, 2.09%, 2, 0, 2, 2860.77
1539308838, 0, 16, 347, 346, 60, 2.10%, 2, 0, 2, 2923.30
1539308843, 0, 21, 348, 346, 60, 2.10%, 2, 0, 3, 2957.80
1539308849, 0, 21, 354, 352, 60, 2.11%, 2, 0, 3, 2967.59
1539308854, 0, 21, 372, 370, 60, 2.12%, 2, 0, 3, 2998.75
1539308859, 0, 26, 379, 376, 65, 2.13%, 5, 0, 3, 2968.51
1539308869, 0, 39, 379, 375, 64, 2.13%, 5, 0, 3, 2826.72
1539308874, 0, 55, 380, 375, 63, 2.13%, 5, 0, 3, 2680.33
1539308879, 0, 78, 381, 375, 62, 2.13%, 5, 0, 3, 2733.93
1539308884, 0, 78, 389, 383, 62, 2.13%, 8, 0, 3, 2876.02
1539308889, 0, 78, 392, 386, 62, 2.13%, 9, 0, 3, 2955.00
1539308894, 0, 91, 394, 387, 64, 2.14%, 12, 0, 3, 2796.32
1539308899, 0, 92, 394, 386, 63, 2.14%, 12, 0, 3, 2742.96
1539308904, 0, 93, 395, 386, 63, 2.14%, 12, 0, 3, 2873.67
1539308909, 0, 101, 395, 385, 62, 2.14%, 13, 0, 3, 2799.69
1539308914, 0, 102, 395, 384, 61, 2.14%, 13, 0, 3, 2859.77
1539308919, 0, 116, 395, 383, 60, 2.14%, 13, 0, 3, 2815.02
1539308924, 0, 129, 395, 382, 59, 2.14%, 13, 0, 3, 2868.79
1539308930, 0, 132, 395, 381, 58, 2.14%, 13, 0, 3, 2783.76
1539308935, 0, 141, 395, 380, 57, 2.14%, 13, 0, 3, 2710.48
1539308940, 0, 147, 395, 379, 56, 2.14%, 13, 0, 3, 2713.49
1539308945, 0, 156, 395, 378, 56, 2.14%, 13, 0, 3, 2737.03
1539308950, 0, 173, 395, 376, 54, 2.14%, 13, 0, 3, 2764.53
1539308955, 0, 173, 398, 379, 54, 2.14%, 16, 0, 3, 2707.55
1539308960, 0, 176, 399, 379, 55, 2.14%, 16, 0, 3, 2878.60
1539308965, 0, 191, 401, 380, 54, 2.14%, 16, 0, 3, 2811.77
1539308971, 0, 192, 403, 381, 53, 2.14%, 16, 0, 3, 2927.83
1539308976, 0, 193, 403, 380, 52, 2.14%, 16, 0, 3, 2999.38
1539308981, 0, 196, 403, 379, 51, 2.14%, 16, 0, 3, 2778.00
1539308986, 0, 202, 403, 378, 50, 2.14%, 16, 0, 3, 2669.94
1539308991, 0, 203, 403, 377, 48, 2.14%, 16, 0, 3, 2672.68
1539308996, 0, 208, 403, 376, 47, 2.14%, 16, 0, 3, 2677.43
1539309001, 0, 215, 405, 377, 47, 2.15%, 16, 0, 3, 2792.69
1539309011, 0, 222, 406, 377, 46, 2.15%, 17, 0, 3, 2558.86
1539309016, 0, 231, 407, 377, 46, 2.15%, 17, 0, 3, 2648.06
1539309021, 0, 236, 407, 376, 45, 2.15%, 17, 0, 3, 2601.64
1539309026, 0, 243, 408, 376, 44, 2.15%, 18, 0, 3, 2701.94
1539309031, 0, 250, 408, 375, 43, 2.15%, 18, 0, 3, 2775.47
1539309036, 0, 252, 408, 374, 42, 2.15%, 18, 0, 3, 2639.29
1539309047, 0, 261, 408, 373, 41, 2.15%, 18, 0, 3, 2552.80
1539309052, 0, 275, 408, 372, 40, 2.15%, 20, 0, 3, 2582.69
1539309057, 0, 282, 408, 371, 39, 2.15%, 20, 0, 3, 2592.08
1539309062, 0, 290, 408, 370, 38, 2.15%, 21, 0, 3, 2706.91
1539309067, 0, 297, 408, 369, 37, 2.15%, 21, 0, 3, 2745.94
1539309072, 0, 302, 409, 369, 36, 2.15%, 21, 0, 3, 2749.52
1539309077, 0, 304, 410, 369, 35, 2.15%, 21, 0, 3, 2640.92
1539309082, 0, 304, 411, 370, 35, 2.15%, 21, 0, 3, 2594.15
1539309087, 0, 305, 412, 370, 36, 2.15%, 21, 0, 3, 2574.69
1539309092, 0, 309, 412, 369, 36, 2.15%, 21, 0, 3, 2521.03
1539309097, 0, 311, 412, 368, 35, 2.15%, 21, 0, 3, 2523.98
1539309102, 0, 319, 412, 367, 34, 2.15%, 21, 0, 3, 2601.77
1539309112, 0, 319, 417, 372, 34, 2.15%, 22, 0, 3, 2728.65
1539309117, 0, 319, 418, 373, 34, 2.15%, 23, 0, 3, 2697.26
1539309122, 0, 321, 421, 375, 37, 2.16%, 24, 0, 3, 2492.77
1539309128, 0, 326, 421, 374, 36, 2.16%, 26, 0, 3, 2481.01
1539309133, 0, 331, 421, 373, 35, 2.16%, 26, 0, 3, 2682.18
1539309143, 0, 336, 421, 372, 34, 2.16%, 26, 0, 3, 2657.71
1539309148, 0, 338, 422, 372, 33, 2.16%, 26, 0, 3, 2619.99
1539309153, 0, 346, 423, 372, 33, 2.16%, 27, 0, 3, 2609.01
1539309163, 0, 348, 424, 372, 34, 2.16%, 28, 0, 3, 2598.62
1539309168, 0, 349, 424, 371, 33, 2.16%, 28, 0, 3, 2530.34
1539309173, 0, 351, 425, 371, 32, 2.16%, 28, 0, 4, 2488.92
1539309183, 0, 354, 426, 371, 31, 2.17%, 28, 0, 4, 2518.95
1539309188, 0, 356, 426, 370, 31, 2.17%, 28, 0, 4, 2545.42
1539309198, 0, 358, 426, 369, 30, 2.17%, 28, 0, 4, 2605.81
1539309204, 0, 360, 426, 368, 29, 2.17%, 28, 0, 4, 2659.18
1539309209, 0, 360, 428, 370, 29, 2.17%, 28, 0, 4, 2733.40
1539309214, 0, 361, 428, 369, 28, 2.17%, 28, 0, 4, 2653.00
1539309219, 0, 362, 429, 369, 27, 2.17%, 28, 0, 4, 2673.90
1539309224, 0, 364, 429, 368, 26, 2.17%, 28, 0, 4, 2558.12
1539309229, 0, 365, 429, 367, 25, 2.17%, 28, 0, 4, 2479.45
1539309239, 0, 366, 429, 366, 24, 2.17%, 28, 0, 4, 2459.03
1539309244, 0, 367, 429, 365, 23, 2.17%, 28, 0, 4, 2461.98
1539309249, 0, 367, 430, 366, 23, 2.17%, 28, 0, 4, 2406.08
1539309254, 0, 373, 430, 365, 23, 2.17%, 28, 0, 4, 2519.94
1539309259, 0, 374, 430, 364, 22, 2.17%, 28, 0, 4, 2564.43
1539309269, 0, 375, 433, 366, 22, 2.17%, 28, 0, 4, 2631.98
1539309274, 0, 381, 433, 365, 21, 2.17%, 28, 0, 4, 2653.91
1539309279, 0, 381, 434, 366, 21, 2.17%, 28, 0, 4, 2729.50
1539309284, 0, 382, 434, 365, 20, 2.17%, 28, 0, 4, 2671.77
1539309289, 0, 389, 435, 365, 19, 2.17%, 28, 0, 4, 2543.87
1539309295, 0, 390, 435, 364, 18, 2.17%, 28, 0, 4, 2584.68
1539309300, 0, 391, 435, 363, 17, 2.17%, 28, 0, 4, 2621.02
1539309305, 0, 393, 435, 362, 16, 2.17%, 28, 0, 4, 2706.78
1539309315, 0, 394, 435, 361, 15, 2.17%, 28, 0, 4, 2590.91
1539309320, 0, 397, 435, 360, 14, 2.17%, 28, 0, 4, 2664.50
1539309325, 0, 409, 435, 359, 13, 2.17%, 28, 0, 4, 2503.59
1539309330, 0, 410, 435, 358, 12, 2.17%, 28, 0, 4, 2565.97
1539309341, 0, 411, 435, 357, 11, 2.17%, 28, 0, 4, 2555.89
1539309346, 0, 412, 435, 356, 10, 2.17%, 28, 0, 4, 2459.45
1539309356, 0, 416, 435, 355, 9, 2.17%, 29, 0, 4, 2508.50
1539309361, 0, 419, 436, 355, 8, 2.17%, 29, 0, 4, 2526.16
1539309371, 0, 420, 436, 354, 7, 2.17%, 30, 0, 4, 2490.38
1539309376, 0, 421, 436, 353, 6, 2.17%, 31, 0, 4, 2508.54
1539309381, 0, 422, 436, 352, 5, 2.17%, 31, 0, 4, 2571.84
1539309391, 0, 423, 436, 351, 4, 2.17%, 31, 0, 4, 2546.84
1539309396, 0, 425, 436, 350, 3, 2.17%, 31, 0, 4, 2523.97
1539309401, 0, 425, 437, 351, 3, 2.17%, 31, 0, 5, 2535.64
1539309406, 0, 429, 438, 351, 3, 2.17%, 31, 0, 5, 2575.01
1539309411, 0, 431, 438, 350, 3, 2.17%, 31, 0, 5, 2625.34
1539309422, 0, 434, 438, 349, 2, 2.17%, 31, 0, 5, 2760.08
