# unix_time, cycles_done, cur_path, paths_total, pending_total, pending_favs, map_size, unique_crashes, unique_hangs, max_depth, execs_per_sec
1539378299, 0, 0, 5, 5, 5, 1.49%, 0, 0, 1, 2666.67
1539378304, 0, 0, 125, 125, 5, 1.88%, 10, 0, 2, 3143.08
1539378309, 0, 0, 127, 127, 5, 1.88%, 11, 0, 2, 3308.27
1539378314, 0, 22, 127, 124, 25, 1.88%, 11, 0, 2, 3260.97
1539378319, 0, 49, 127, 120, 21, 1.88%, 11, 0, 2, 3243.49
1539378324, 0, 62, 127, 117, 18, 1.88%, 11, 0, 2, 3190.44
1539378329, 0, 83, 127, 113, 14, 1.88%, 11, 0, 2, 3252.14
1539378334, 0, 91, 127, 110, 11, 1.88%, 11, 0, 2, 3206.74
1539378339, 0, 99, 127, 108, 9, 1.88%, 11, 0, 2, 2954.66
1539378344, 0, 104, 127, 105, 6, 1.88%, 11, 0, 2, 3100.55
1539378349, 0, 115, 127, 103, 4, 1.88%, 11, 0, 2, 3151.77
1539378355, 0, 125, 127, 100, 1, 1.88%, 11, 0, 2, 3153.07
1539378360, 1, 6, 127, 98, 0, 1.88%, 11, 0, 2, 3219.79
1539378365, 1, 19, 127, 94, 0, 1.88%, 11, 0, 2, 3235.06
1539378370, 1, 23, 127, 91, 0, 1.88%, 11, 0, 2, 3236.84
1539378375, 1, 32, 127, 87, 0, 1.88%, 11, 0, 2, 3339.59
1539378380, 1, 52, 127, 84, 0, 1.88%, 11, 0, 2, 3086.81
1539378385, 1, 66, 127, 81, 0, 1.88%, 11, 0, 2, 3089.30
1539378390, 1, 74, 127, 78, 0, 1.88%, 11, 0, 2, 3236.65
1539378395, 1, 80, 127, 75, 0, 1.88%, 11, 0, 2, 3113.27
1539378400, 1, 84, 127, 73, 0, 1.88%, 11, 0, 2, 2959.66
1539378405, 1, 94, 127, 70, 0, 1.88%, 11, 0, 2, 3065.72
1539378410, 1, 105, 127, 67, 0, 1.88%, 11, 0, 2, 3192.82
1539378416, 1, 124, 127, 65, 0, 1.88%, 11, 0, 2, 3187.65
1539378421, 2, 7, 127, 63, 0, 1.88%, 11, 0, 2, 3174.10
1539378426, 2, 29, 127, 60, 0, 1.88%, 11, 0, 2, 3232.84
1539378431, 2, 62, 127, 56, 0, 1.88%, 11, 0, 2, 3296.23
1539378436, 2, 82, 127, 55, 0, 1.88%, 11, 0, 2, 3255.29
1539378441, 2, 109, 127, 53, 0, 1.88%, 11, 0, 2, 3224.06
1539378446, 2, 118, 127, 50, 0, 1.88%, 11, 0, 2, 3239.48
1539378451, 3, 14, 127, 48, 0, 1.88%, 11, 0, 2, 3248.33
1539378456, 3, 57, 127, 46, 0, 1.88%, 11, 0, 2, 3234.83
1539378462, 3, 78, 127, 44, 0, 1.88%, 11, 0, 2, 3380.20
1539378467, 3, 107, 127, 42, 0, 1.88%, 11, 0, 2, 3248.21
1539378472, 4, 3, 127, 41, 0, 1.88%, 11, 0, 2, 3117.73
1539378477, 4, 40, 127, 38, 0, 1.88%, 11, 0, 2, 3028.99
1539378482, 4, 60, 127, 35, 0, 1.88%, 11, 0, 2, 3199.49
1539378487, 4, 73, 127, 33, 0, 1.88%, 11, 0, 2, 3221.06
1539378492, 4, 90, 127, 32, 0, 1.88%, 11, 0, 2, 3240.06
1539378497, 4, 100, 127, 30, 0, 1.88%, 11, 0, 2, 3242.46
1539378502, 5, 24, 127, 28, 0, 1.88%, 11, 0, 2, 3278.44
1539378508, 5, 98, 127, 26, 0, 1.88%, 11, 0, 2, 3354.19
1539378513, 5, 121, 127, 25, 0, 1.88%, 11, 0, 2, 3241.12
1539378518, 6, 39, 127, 23, 0, 1.88%, 11, 0, 2, 3263.46
1539378523, 6, 71, 127, 20, 0, 1.88%, 11, 0, 2, 3359.04
1539378528, 6, 93, 127, 19, 0, 1.88%, 11, 0, 2, 3218.95
1539378533, 7, 4, 127, 16, 0, 1.88%, 11, 0, 2, 3309.34
1539378538, 7, 18, 127, 13, 0, 1.88%, 11, 0, 2, 3268.90
1539378543, 7, 60, 127, 10, 0, 1.88%, 11, 0, 2, 3261.61
1539378549, 7, 101, 127, 9, 0, 1.88%, 11, 0, 2, 3276.19
1539378554, 8, 58, 127, 8, 0, 1.88%, 11, 0, 2, 3300.45
1539378559, 8, 124, 127, 8, 0, 1.88%, 11, 0, 2, 3327.90
1539378564, 9, 83, 127, 7, 0, 1.88%, 11, 0, 2, 3321.92
1539378569, 10, 4, 127, 6, 0, 1.88%, 11, 0, 2, 3311.78
1539378574, 10, 113, 127, 6, 0, 1.88%, 11, 0, 2, 3335.60
1539378579, 11, 36, 127, 5, 0, 1.88%, 11, 0, 2, 3287.07
1539378584, 11, 74, 127, 3, 0, 1.88%, 11, 0, 2, 3232.38
1539378589, 12, 35, 127, 3, 0, 1.88%, 11, 0, 2, 3349.70
1539378595, 12, 87, 127, 1, 0, 1.88%, 11, 0, 2, 3349.50
1539378600, 13, 69, 127, 1, 0, 1.88%, 11, 0, 2, 3336.64
1539378605, 14, 59, 127, 1, 0, 1.88%, 11, 0, 2, 3328.51
1539378610, 14, 125, 127, 1, 0, 1.88%, 11, 0, 2, 3315.98
1539378615, 15, 99, 127, 1, 0, 1.88%, 11, 0, 2, 3323.85
1539378620, 16, 77, 127, 1, 0, 1.88%, 11, 0, 2, 3343.25
1539378625, 17, 60, 127, 1, 0, 1.88%, 11, 0, 2, 3290.05
1539378630, 18, 4, 127, 1, 0, 1.88%, 11, 0, 2, 3337.52
1539378635, 18, 114, 127, 1, 0, 1.88%, 11, 0, 2, 3342.35
1539378640, 19, 84, 127, 1, 0, 1.88%, 11, 0, 2, 3339.60
1539378646, 20, 63, 127, 1, 0, 1.88%, 11, 0, 2, 3255.35
1539378651, 21, 58, 127, 1, 0, 1.88%, 11, 0, 2, 3318.60
1539378656, 21, 125, 127, 1, 0, 1.88%, 11, 0, 2, 3329.37
1539378661, 22, 99, 127, 1, 0, 1.88%, 11, 0, 2, 3286.74
1539378666, 23, 77, 127, 1, 0, 1.88%, 11, 0, 2, 3259.28
1539378671, 24, 63, 127, 1, 0, 1.88%, 11, 0, 2, 3313.64
1539378676, 24, 124, 127, 1, 0, 1.88%, 11, 0, 2, 3318.50
1539378681, 25, 91, 127, 1, 0, 1.88%, 11, 0, 2, 3335.13
1539378686, 26, 77, 127, 1, 0, 1.88%, 11, 0, 2, 3316.29
1539378691, 27, 54, 127, 1, 0, 1.88%, 11, 0, 2, 3308.70
1539378696, 27, 108, 127, 0, 0, 1.88%, 11, 0, 2, 3322.08
1539378702, 28, 87, 127, 0, 0, 1.88%, 11, 0, 2, 3276.20
1539378707, 29, 64, 127, 0, 0, 1.88%, 11, 0, 2, 3319.35
1539378712, 30, 46, 127, 0, 0, 1.88%, 11, 0, 2, 3333.43
1539378717, 30, 115, 127, 0, 0, 1.88%, 11, 0, 2, 3305.63
1539378722, 31, 98, 127, 0, 0, 1.88%, 11, 0, 2, 3319.16
1539378727, 32, 77, 127, 0, 0, 1.88%, 11, 0, 2, 3336.10
1539378732, 33, 62, 127, 0, 0, 1.88%, 11, 0, 2, 3296.64
1539378737, 34, 22, 127, 0, 0, 1.88%, 11, 0, 2, 3226.80
1539378742, 34, 114, 127, 0, 0, 1.88%, 11, 0, 2, 3319.93
1539378747, 35, 87, 127, 0, 0, 1.88%, 11, 0, 2, 3334.71
1539378753, 36, 75, 127, 0, 0, 1.88%, 11, 0, 2, 3335.63
1539378758, 37, 46, 127, 0, 0, 1.88%, 11, 0, 2, 3270.76
1539378763, 37, 115, 127, 0, 0, 1.88%, 11, 0, 2, 3135.38
1539378768, 38, 84, 127, 0, 0, 1.88%, 11, 0, 2, 3217.33
1539378773, 39, 64, 127, 0, 0, 1.88%, 11, 0, 2, 3306.69
1539378778, 40, 22, 127, 0, 0, 1.88%, 11, 0, 2, 3326.98
1539378783, 40, 115, 127, 0, 0, 1.88%, 11, 0, 2, 3327.50
1539378788, 41, 99, 127, 0, 0, 1.88%, 11, 0, 2, 3322.15
1539378793, 42, 74, 127, 0, 0, 1.88%, 11, 0, 2, 3335.59
1539378798, 43, 58, 127, 0, 0, 1.88%, 11, 0, 2, 3190.45
1539378803, 43, 125, 127, 0, 0, 1.88%, 11, 0, 2, 3222.25
1539378808, 44, 98, 128, 1, 0, 1.88%, 11, 0, 3, 3287.52
1539378814, 45, 77, 128, 1, 0, 1.88%, 11, 0, 3, 3314.76
1539378819, 45, 127, 128, 1, 0, 1.88%, 11, 0, 3, 3059.21
1539378824, 46, 68, 128, 0, 0, 1.88%, 11, 0, 3, 2972.73
1539378829, 46, 127, 128, 0, 0, 1.88%, 11, 0, 3, 3136.45
1539378834, 47, 101, 128, 0, 0, 1.88%, 11, 0, 3, 3251.19
1539378839, 48, 68, 128, 0, 0, 1.88%, 11, 0, 3, 3276.99
1539378844, 49, 4, 128, 0, 0, 1.88%, 11, 0, 3, 3139.31
1539378849, 49, 112, 128, 0, 0, 1.88%, 11, 0, 3, 3072.03
1539378855, 50, 60, 128, 0, 0, 1.88%, 11, 0, 3, 2869.37
1539378860, 50, 124, 128, 0, 0, 1.88%, 11, 0, 3, 3059.87
1539378865, 51, 91, 128, 0, 0, 1.88%, 11, 0, 3, 3231.75
1539378870, 52, 64, 128, 0, 0, 1.88%, 11, 0, 3, 3313.02
1539378875, 53, 22, 128, 0, 0, 1.88%, 11, 0, 3, 3255.76
1539378880, 53, 99, 128, 0, 0, 1.88%, 11, 0, 3, 3295.74
1539378885, 54, 68, 128, 0, 0, 1.88%, 11, 0, 3, 3317.59
1539378891, 55, 4, 128, 0, 0, 1.88%, 11, 0, 3, 3310.63
1539378896, 55, 101, 128, 0, 0, 1.88%, 11, 0, 3, 3326.71
