# unix_time, cycles_done, cur_path, paths_total, pending_total, pending_favs, map_size, unique_crashes, unique_hangs, max_depth, execs_per_sec
1539317273, 0, 0, 6, 6, 6, 1.19%, 0, 0, 1, 2666.67
1539317278, 0, 0, 131, 131, 6, 1.34%, 0, 0, 2, 3063.74
1539317283, 0, 0, 208, 208, 6, 1.39%, 0, 0, 2, 3173.10
1539317289, 0, 0, 220, 220, 6, 1.39%, 0, 0, 2, 3223.05
1539317294, 0, 1, 221, 220, 31, 1.39%, 0, 0, 2, 2920.60
1539317299, 0, 1, 236, 235, 31, 1.40%, 0, 0, 2, 2858.35
1539317304, 0, 1, 248, 247, 31, 1.42%, 0, 0, 2, 2868.85
1539317309, 0, 7, 250, 248, 34, 1.42%, 0, 0, 2, 2989.95
1539317314, 0, 10, 250, 247, 33, 1.42%, 0, 0, 2, 3144.02
1539317319, 0, 27, 250, 246, 32, 1.42%, 0, 0, 2, 3143.77
1539317324, 0, 45, 250, 245, 31, 1.42%, 0, 0, 2, 3169.30
1539317329, 0, 56, 250, 244, 30, 1.42%, 0, 0, 2, 3196.97
1539317334, 0, 64, 250, 243, 29, 1.42%, 0, 0, 2, 3112.39
1539317339, 0, 87, 250, 241, 27, 1.42%, 0, 0, 2, 3119.81
1539317344, 0, 95, 250, 240, 26, 1.42%, 0, 0, 2, 3087.06
1539317350, 0, 108, 250, 239, 25, 1.42%, 0, 0, 2, 2999.36
1539317355, 0, 109, 250, 238, 25, 1.42%, 0, 0, 2, 3039.04
1539317360, 0, 120, 250, 237, 24, 1.42%, 0, 0, 2, 3054.43
1539317365, 0, 120, 251, 238, 24, 1.42%, 0, 0, 3, 3025.25
1539317370, 0, 120, 256, 243, 24, 1.42%, 0, 0, 3, 3087.54
1539317375, 0, 123, 261, 247, 27, 1.43%, 0, 0, 3, 3109.11
1539317380, 0, 126, 261, 246, 26, 1.43%, 0, 0, 3, 3175.15
1539317385, 0, 129, 261, 245, 25, 1.43%, 0, 0, 3, 3190.00
1539317390, 0, 134, 261, 244, 24, 1.43%, 0, 0, 3, 3220.64
1539317395, 0, 150, 261, 243, 23, 1.43%, 0, 0, 3, 3041.21
1539317400, 0, 150, 263, 245, 23, 1.43%, 0, 0, 3, 2957.29
1539317405, 0, 163, 263, 244, 23, 1.43%, 0, 0, 3, 2872.40
1539317411, 0, 165, 264, 244, 22, 1.43%, 0, 0, 3, 3025.02
1539317416, 0, 168, 264, 243, 21, 1.43%, 0, 0, 3, 2994.25
1539317421, 0, 172, 268, 246, 20, 1.44%, 0, 0, 3, 2901.71
1539317426, 0, 172, 269, 247, 20, 1.44%, 0, 0, 3, 2857.38
1539317431, 0, 172, 280, 258, 20, 1.49%, 0, 0, 3, 2962.52
1539317436, 0, 172, 292, 270, 20, 1.51%, 0, 0, 3, 2987.54
1539317441, 0, 175, 292, 269, 31, 1.51%, 0, 0, 3, 2867.57
1539317446, 0, 182, 292, 268, 30, 1.51%, 0, 0, 3, 2807.71
1539317456, 0, 186, 292, 267, 29, 1.51%, 0, 0, 3, 2913.26
1539317461, 0, 187, 292, 266, 28, 1.51%, 0, 0, 3, 2939.48
1539317472, 0, 189, 292, 265, 27, 1.51%, 0, 0, 3, 3058.16
1539317477, 0, 219, 292, 264, 26, 1.51%, 0, 0, 3, 2929.29
1539317482, 0, 222, 292, 263, 25, 1.51%, 0, 0, 3, 2959.38
1539317492, 0, 228, 292, 262, 24, 1.51%, 0, 0, 3, 3029.15
1539317497, 0, 229, 292, 261, 23, 1.51%, 0, 0, 3, 3012.47
1539317502, 0, 231, 292, 260, 22, 1.51%, 0, 0, 3, 2895.36
1539317507, 0, 245, 293, 260, 21, 1.51%, 0, 0, 3, 2887.62
1539317517, 0, 255, 293, 259, 20, 1.51%, 0, 0, 3, 2868.08
1539317527, 0, 255, 297, 263, 20, 1.52%, 0, 0, 4, 2940.56
1539317532, 0, 255, 299, 265, 20, 1.53%, 0, 0, 4, 2922.82
1539317537, 0, 257, 301, 266, 24, 1.56%, 0, 0, 4, 3058.97
1539317542, 0, 259, 301, 265, 23, 1.56%, 0, 0, 4, 2912.90
1539317548, 0, 260, 301, 264, 22, 1.56%, 0, 0, 4, 2840.43
1539317558, 0, 264, 301, 262, 20, 1.56%, 0, 0, 4, 2931.94
1539317568, 0, 264, 308, 269, 20, 1.59%, 0, 0, 4, 2998.12
1539317573, 0, 264, 313, 274, 20, 1.78%, 0, 0, 4, 3032.70
1539317578, 0, 266, 315, 275, 25, 1.79%, 0, 0, 4, 2856.33
1539317583, 0, 267, 315, 274, 24, 1.79%, 0, 0, 4, 2831.65
1539317588, 0, 267, 316, 275, 24, 1.79%, 0, 0, 4, 2834.78
1539317593, 0, 268, 316, 274, 24, 1.79%, 0, 0, 4, 2863.33
1539317598, 0, 274, 316, 273, 23, 1.79%, 0, 0, 4, 2760.79
1539317608, 0, 282, 316, 272, 22, 1.79%, 0, 0, 4, 2873.60
1539317613, 0, 284, 317, 272, 21, 1.80%, 0, 0, 4, 2750.91
1539317623, 0, 288, 317, 271, 21, 1.80%, 0, 0, 4, 2811.60
1539317628, 0, 290, 318, 271, 21, 1.82%, 0, 0, 4, 2828.92
1539317639, 0, 290, 327, 280, 21, 1.83%, 0, 0, 4, 2821.13
1539317644, 0, 290, 334, 287, 21, 1.84%, 0, 0, 4, 2869.23
1539317649, 0, 293, 334, 286, 22, 1.84%, 0, 0, 4, 2815.70
1539317654, 0, 297, 334, 285, 21, 1.84%, 0, 0, 4, 2813.90
1539317664, 0, 298, 334, 284, 20, 1.84%, 0, 0, 4, 2812.38
1539317674, 0, 299, 342, 291, 19, 1.86%, 0, 0, 5, 2791.94
1539317679, 0, 299, 345, 294, 19, 1.87%, 0, 0, 5, 2862.37
1539317684, 0, 300, 345, 293, 28, 1.87%, 0, 0, 5, 2764.13
1539317694, 0, 301, 346, 293, 27, 1.87%, 0, 0, 5, 2676.78
1539317700, 0, 302, 348, 294, 28, 1.90%, 0, 0, 5, 2805.01
1539317710, 0, 302, 356, 302, 28, 1.91%, 0, 0, 5, 2795.71
1539317715, 0, 302, 362, 308, 28, 1.92%, 0, 0, 5, 2831.86
1539317720, 0, 305, 369, 314, 32, 1.93%, 0, 0, 5, 2868.87
1539317725, 0, 305, 374, 319, 32, 1.94%, 0, 0, 5, 2866.70
1539317730, 0, 306, 374, 318, 41, 1.94%, 0, 0, 5, 2754.74
1539317735, 0, 307, 375, 318, 40, 1.94%, 0, 0, 5, 2766.07
1539317745, 0, 308, 375, 317, 39, 1.94%, 0, 0, 5, 2753.53
1539317755, 0, 311, 378, 319, 38, 1.94%, 0, 0, 5, 2720.13
1539317760, 0, 311, 388, 329, 38, 1.94%, 0, 0, 5, 2898.92
1539317765, 0, 311, 394, 335, 38, 1.94%, 0, 0, 5, 2891.50
1539317770, 0, 312, 398, 338, 42, 1.94%, 0, 0, 5, 2816.85
1539317780, 0, 313, 399, 338, 41, 1.94%, 0, 0, 5, 2701.09
1539317790, 0, 314, 400, 338, 40, 1.94%, 0, 0, 5, 2873.96
1539317795, 0, 314, 404, 342, 40, 1.94%, 0, 0, 5, 2995.66
1539317801, 0, 314, 406, 344, 40, 1.94%, 0, 0, 5, 3019.09
1539317806, 0, 315, 408, 345, 43, 1.95%, 0, 0, 5, 2983.34
1539317811, 0, 316, 409, 345, 43, 1.95%, 0, 0, 5, 3021.38
1539317821, 0, 323, 409, 344, 42, 1.95%, 0, 0, 5, 2912.67
1539317826, 0, 328, 411, 345, 41, 1.95%, 0, 0, 5, 2917.29
1539317831, 0, 328, 412, 346, 41, 1.95%, 0, 0, 5, 2756.01
1539317836, 0, 335, 413, 346, 41, 1.95%, 0, 0, 5, 2917.52
1539317841, 0, 336, 413, 345, 40, 1.95%, 0, 0, 5, 2982.25
1539317851, 0, 337, 415, 346, 39, 1.97%, 0, 0, 6, 3012.03
1539317856, 0, 338, 417, 347, 37, 1.98%, 0, 0, 6, 3037.86
1539317866, 0, 339, 419, 348, 36, 1.98%, 0, 0, 6, 3002.19
1539317872, 0, 340, 419, 347, 36, 1.98%, 0, 0, 6, 3000.19
