# unix_time, cycles_done, cur_path, paths_total, pending_total, pending_favs, map_size, unique_crashes, unique_hangs, max_depth, execs_per_sec
1539320895, 0, 0, 6, 6, 6, 1.19%, 0, 0, 1, 2526.32
1539320900, 0, 0, 69, 69, 6, 1.31%, 0, 0, 2, 2914.57
1539320905, 0, 0, 201, 201, 6, 1.36%, 0, 0, 2, 3007.76
1539320910, 0, 0, 214, 214, 6, 1.40%, 0, 0, 2, 3101.59
1539320915, 0, 1, 216, 215, 29, 1.40%, 0, 0, 2, 2877.23
1539320921, 0, 1, 233, 232, 29, 1.40%, 0, 0, 2, 2784.71
1539320926, 0, 1, 243, 242, 29, 1.41%, 0, 0, 2, 2843.37
1539320931, 0, 13, 245, 243, 30, 1.41%, 0, 0, 2, 2932.64
1539320936, 0, 15, 245, 242, 29, 1.41%, 0, 0, 2, 2977.16
1539320941, 0, 21, 245, 241, 28, 1.41%, 0, 0, 2, 3036.52
1539320946, 0, 51, 245, 240, 28, 1.41%, 0, 0, 2, 2968.29
1539320951, 0, 57, 246, 240, 27, 1.41%, 0, 0, 3, 2985.71
1539320956, 0, 63, 246, 239, 26, 1.41%, 0, 0, 3, 3087.32
1539320961, 0, 70, 246, 237, 24, 1.41%, 0, 0, 3, 3147.37
1539320966, 0, 80, 246, 236, 23, 1.41%, 0, 0, 3, 3098.35
1539320971, 0, 97, 246, 235, 22, 1.41%, 0, 0, 3, 2942.06
1539320981, 0, 122, 246, 234, 21, 1.41%, 0, 0, 3, 2951.93
1539320986, 0, 131, 246, 233, 20, 1.41%, 0, 0, 3, 2891.54
1539320991, 0, 140, 246, 232, 19, 1.41%, 0, 0, 3, 2941.09
1539320996, 0, 146, 246, 231, 18, 1.41%, 0, 0, 3, 2944.53
1539321007, 0, 149, 249, 233, 18, 1.41%, 0, 0, 3, 2970.48
1539321012, 0, 159, 249, 232, 18, 1.41%, 0, 0, 3, 2903.25
1539321017, 0, 170, 249, 231, 17, 1.41%, 0, 0, 3, 2818.55
1539321022, 0, 180, 249, 230, 16, 1.41%, 0, 0, 3, 2798.54
1539321032, 0, 187, 250, 230, 15, 1.41%, 0, 0, 3, 2819.53
1539321037, 0, 192, 251, 230, 14, 1.41%, 0, 0, 3, 2909.04
1539321042, 0, 195, 253, 231, 14, 1.41%, 0, 0, 3, 2936.77
1539321048, 0, 200, 253, 230, 13, 1.41%, 0, 0, 3, 2948.84
1539321058, 0, 204, 253, 229, 12, 1.41%, 0, 0, 3, 2786.60
1539321063, 0, 208, 259, 234, 11, 1.42%, 0, 0, 3, 2798.89
1539321068, 0, 208, 260, 235, 11, 1.46%, 0, 0, 3, 2830.48
1539321073, 0, 211, 261, 235, 12, 1.46%, 0, 0, 3, 2962.70
1539321078, 0, 213, 262, 235, 12, 1.51%, 0, 0, 3, 2916.79
1539321088, 0, 213, 269, 242, 12, 1.55%, 0, 0, 3, 2933.73
1539321093, 0, 213, 271, 244, 12, 1.55%, 0, 0, 3, 2798.88
1539321098, 0, 215, 271, 243, 18, 1.55%, 0, 0, 3, 2774.67
1539321108, 0, 216, 271, 242, 17, 1.55%, 0, 0, 3, 2755.88
1539321113, 0, 221, 271, 241, 16, 1.55%, 0, 0, 3, 2867.86
1539321118, 0, 221, 273, 243, 16, 1.55%, 0, 0, 3, 2934.82
1539321123, 0, 229, 273, 242, 15, 1.55%, 0, 0, 3, 2890.24
1539321128, 0, 233, 274, 242, 14, 1.55%, 0, 0, 3, 2840.71
1539321139, 0, 248, 274, 241, 13, 1.55%, 0, 0, 3, 2978.73
1539321144, 0, 251, 279, 245, 12, 1.57%, 0, 0, 4, 2866.64
1539321149, 0, 251, 288, 254, 12, 1.77%, 0, 0, 4, 2844.94
1539321154, 0, 251, 306, 272, 12, 1.86%, 0, 0, 4, 2871.57
1539321159, 0, 251, 320, 286, 12, 1.89%, 0, 0, 4, 2770.68
1539321164, 0, 255, 321, 286, 32, 1.89%, 0, 0, 4, 2859.89
1539321169, 0, 255, 328, 293, 32, 1.90%, 0, 0, 4, 2959.14
1539321174, 0, 255, 334, 299, 32, 1.90%, 0, 0, 4, 3035.80
1539321179, 0, 260, 338, 302, 44, 1.91%, 0, 0, 4, 2978.54
1539321184, 0, 261, 338, 301, 43, 1.91%, 0, 0, 4, 2968.15
1539321189, 0, 261, 343, 306, 43, 1.92%, 0, 0, 4, 2898.76
1539321194, 0, 262, 344, 306, 46, 1.92%, 0, 0, 4, 2794.09
1539321204, 0, 264, 345, 306, 45, 1.92%, 0, 0, 4, 2782.29
1539321210, 0, 265, 348, 308, 44, 1.94%, 0, 0, 4, 2842.96
1539321220, 0, 265, 354, 314, 44, 1.94%, 0, 0, 4, 2891.23
1539321225, 0, 265, 361, 321, 44, 1.95%, 0, 0, 4, 2799.92
1539321230, 0, 266, 362, 321, 45, 1.95%, 0, 0, 4, 2846.04
1539321235, 0, 268, 362, 320, 45, 1.95%, 0, 0, 4, 2836.91
1539321245, 0, 275, 362, 319, 44, 1.95%, 0, 0, 4, 2718.36
1539321250, 0, 275, 363, 320, 44, 1.95%, 0, 0, 5, 2730.85
1539321255, 0, 276, 363, 319, 44, 1.95%, 0, 0, 5, 2748.33
1539321265, 0, 277, 365, 320, 43, 1.95%, 0, 0, 5, 2752.06
1539321275, 0, 278, 365, 319, 42, 1.95%, 0, 0, 5, 2720.17
1539321280, 0, 278, 366, 320, 42, 1.95%, 0, 0, 5, 2769.90
1539321285, 0, 279, 367, 320, 41, 1.95%, 0, 0, 5, 2698.34
1539321296, 0, 281, 368, 320, 40, 1.96%, 0, 0, 5, 2680.48
1539321306, 0, 282, 368, 319, 40, 1.96%, 0, 0, 5, 2755.42
1539321316, 0, 282, 373, 324, 40, 1.99%, 0, 0, 5, 2874.37
1539321321, 0, 282, 376, 327, 40, 1.99%, 0, 0, 5, 2925.58
1539321326, 0, 286, 377, 327, 42, 1.99%, 0, 0, 5, 2743.46
1539321336, 0, 288, 377, 326, 41, 1.99%, 0, 0, 5, 2846.78
1539321341, 0, 289, 377, 325, 40, 1.99%, 0, 0, 5, 2762.89
1539321356, 0, 292, 381, 328, 39, 1.99%, 0, 0, 5, 2454.41
1539321362, 0, 292, 383, 330, 39, 1.99%, 0, 0, 5, 2418.09
1539321367, 0, 293, 384, 330, 39, 1.99%, 0, 0, 5, 2584.53
1539321377, 0, 295, 384, 329, 38, 1.99%, 0, 0, 5, 2776.97
1539321387, 0, 301, 385, 329, 37, 1.99%, 0, 0, 5, 2624.75
1539321392, 0, 301, 386, 330, 37, 1.99%, 0, 0, 5, 2545.77
1539321397, 0, 301, 392, 336, 37, 1.99%, 0, 0, 5, 2649.03
1539321402, 0, 301, 396, 340, 37, 2.01%, 0, 0, 5, 2642.74
1539321407, 0, 305, 397, 340, 37, 2.01%, 0, 0, 5, 2721.63
1539321412, 0, 305, 398, 341, 37, 2.01%, 0, 0, 5, 2821.73
1539321417, 0, 307, 398, 340, 37, 2.01%, 0, 0, 5, 2764.85
1539321428, 0, 314, 398, 339, 36, 2.01%, 0, 0, 5, 2721.41
1539321438, 0, 315, 400, 340, 35, 2.04%, 0, 0, 5, 2623.76
1539321443, 0, 315, 401, 341, 35, 2.04%, 0, 0, 5, 2682.89
1539321448, 0, 315, 405, 345, 35, 2.04%, 0, 0, 5, 2854.08
1539321453, 0, 315, 408, 348, 35, 2.04%, 0, 0, 5, 2905.75
1539321458, 0, 320, 413, 352, 38, 2.04%, 0, 0, 5, 2950.74
1539321463, 0, 321, 414, 352, 40, 2.04%, 0, 0, 5, 2980.18
1539321468, 0, 321, 415, 353, 40, 2.05%, 0, 0, 5, 2860.22
1539321473, 0, 322, 418, 355, 40, 2.05%, 0, 0, 5, 2829.24
1539321478, 0, 323, 419, 355, 42, 2.05%, 0, 0, 5, 2879.15
1539321488, 0, 324, 419, 354, 41, 2.05%, 0, 0, 5, 2931.22
1539321493, 0, 325, 420, 354, 41, 2.05%, 0, 0, 5, 2942.37
