# unix_time, cycles_done, cur_path, paths_total, pending_total, pending_favs, map_size, unique_crashes, unique_hangs, max_depth, execs_per_sec
1539329344, 0, 0, 6, 6, 6, 1.49%, 0, 0, 1, 2666.67
1539329349, 0, 0, 117, 117, 6, 1.88%, 10, 0, 2, 3180.37
1539329354, 0, 0, 118, 118, 6, 1.88%, 12, 0, 2, 3305.84
1539329359, 0, 27, 118, 115, 24, 1.88%, 12, 0, 2, 3229.80
1539329365, 0, 45, 118, 111, 20, 1.88%, 12, 0, 2, 3214.29
1539329370, 0, 57, 118, 107, 16, 1.88%, 13, 0, 2, 3216.54
1539329375, 0, 66, 118, 104, 13, 1.88%, 13, 0, 2, 3189.95
1539329380, 0, 82, 118, 102, 11, 1.88%, 13, 0, 2, 3166.08
1539329385, 0, 98, 118, 99, 8, 1.88%, 13, 0, 2, 3147.96
1539329390, 0, 104, 118, 96, 5, 1.88%, 14, 0, 2, 3147.67
1539329395, 0, 109, 118, 94, 3, 1.88%, 14, 0, 2, 3147.75
1539329400, 1, 11, 118, 91, 0, 1.88%, 14, 0, 2, 3183.44
1539329406, 1, 26, 118, 87, 0, 1.88%, 14, 0, 2, 3232.16
1539329411, 1, 44, 118, 84, 0, 1.88%, 14, 0, 2, 3263.97
1539329416, 1, 88, 118, 80, 0, 1.88%, 14, 0, 2, 3259.76
1539329421, 1, 107, 118, 78, 0, 1.88%, 14, 0, 2, 3184.08
1539329426, 2, 4, 118, 75, 0, 1.88%, 14, 0, 2, 3168.29
1539329431, 2, 9, 118, 72, 0, 1.88%, 14, 0, 2, 3246.56
1539329436, 2, 22, 118, 69, 0, 1.88%, 14, 0, 2, 3196.75
1539329442, 2, 54, 118, 66, 0, 1.88%, 14, 0, 2, 3261.34
1539329447, 2, 68, 118, 64, 0, 1.88%, 14, 0, 2, 3227.83
1539329452, 2, 74, 118, 61, 0, 1.88%, 14, 0, 2, 3236.32
1539329457, 2, 86, 118, 59, 0, 1.88%, 14, 0, 2, 3220.27
1539329462, 2, 92, 118, 56, 0, 1.88%, 14, 0, 2, 3182.02
1539329467, 2, 97, 118, 55, 0, 1.88%, 14, 0, 2, 3147.96
1539329472, 3, 15, 118, 53, 0, 1.88%, 14, 0, 2, 3197.15
1539329478, 3, 57, 118, 49, 0, 1.88%, 14, 0, 2, 3314.17
1539329483, 3, 80, 118, 47, 0, 1.88%, 14, 0, 2, 3243.85
1539329488, 3, 108, 118, 45, 0, 1.88%, 14, 0, 2, 3268.73
1539329493, 3, 114, 118, 44, 0, 1.88%, 14, 0, 2, 3175.73
1539329498, 4, 53, 118, 40, 0, 1.88%, 14, 0, 2, 3288.72
1539329503, 4, 84, 118, 38, 0, 1.88%, 14, 0, 2, 3244.11
1539329509, 4, 102, 118, 36, 0, 1.88%, 14, 0, 2, 3217.88
1539329514, 5, 8, 118, 34, 0, 1.88%, 15, 0, 2, 3206.29
1539329519, 5, 26, 118, 31, 0, 1.88%, 15, 0, 2, 3218.70
1539329524, 5, 70, 118, 29, 0, 1.88%, 15, 0, 2, 3182.04
1539329529, 5, 90, 118, 27, 0, 1.88%, 15, 0, 2, 3223.64
1539329534, 6, 14, 118, 26, 0, 1.88%, 15, 0, 2, 3199.86
1539329539, 6, 46, 118, 23, 0, 1.88%, 15, 0, 2, 3227.32
1539329545, 6, 94, 118, 22, 0, 1.88%, 15, 0, 2, 3270.20
1539329550, 6, 111, 118, 20, 0, 1.88%, 15, 0, 2, 3212.81
1539329555, 7, 48, 118, 18, 0, 1.88%, 15, 0, 2, 3174.14
1539329560, 7, 77, 118, 16, 0, 1.88%, 15, 0, 2, 3306.42
1539329565, 8, 45, 118, 15, 0, 1.88%, 15, 0, 2, 3298.61
1539329571, 8, 86, 118, 13, 0, 1.88%, 15, 0, 2, 3291.44
1539329576, 8, 106, 118, 12, 0, 1.88%, 15, 0, 2, 3208.17
1539329581, 9, 52, 118, 10, 0, 1.88%, 15, 0, 2, 3325.29
1539329586, 9, 98, 118, 9, 0, 1.88%, 15, 0, 2, 3247.49
1539329591, 10, 59, 118, 8, 0, 1.88%, 15, 0, 2, 3250.06
1539329596, 10, 89, 118, 6, 0, 1.88%, 15, 0, 2, 3301.71
1539329602, 11, 55, 118, 6, 0, 1.88%, 15, 0, 2, 3270.50
1539329607, 11, 99, 118, 5, 0, 1.88%, 15, 0, 2, 3243.47
1539329612, 12, 79, 118, 5, 0, 1.88%, 15, 0, 2, 3273.75
1539329617, 12, 110, 119, 4, 0, 1.88%, 15, 0, 3, 3209.36
1539329622, 13, 48, 119, 3, 0, 1.88%, 15, 0, 3, 3276.44
1539329627, 13, 118, 119, 3, 0, 1.88%, 15, 0, 3, 3297.02
1539329632, 14, 98, 119, 3, 0, 1.88%, 15, 0, 3, 3224.54
1539329637, 15, 48, 119, 2, 0, 1.88%, 15, 0, 3, 3250.77
1539329642, 15, 118, 119, 2, 0, 1.88%, 15, 0, 3, 3279.08
1539329648, 16, 81, 119, 2, 0, 1.88%, 15, 0, 3, 3241.06
1539329653, 17, 63, 119, 1, 0, 1.88%, 15, 0, 3, 3292.46
1539329658, 18, 33, 119, 1, 0, 1.88%, 15, 0, 3, 3277.49
1539329663, 18, 94, 119, 0, 0, 1.88%, 15, 0, 3, 3296.39
1539329668, 19, 77, 119, 0, 0, 1.88%, 15, 0, 3, 3300.76
1539329673, 20, 66, 119, 0, 0, 1.88%, 15, 0, 3, 3269.19
1539329678, 21, 40, 119, 0, 0, 1.88%, 15, 0, 3, 3257.37
1539329683, 21, 99, 119, 0, 0, 1.88%, 15, 0, 3, 3295.45
1539329688, 22, 79, 119, 0, 0, 1.88%, 15, 0, 3, 3299.16
1539329694, 23, 57, 119, 0, 0, 1.88%, 15, 0, 3, 3302.85
1539329699, 24, 26, 119, 0, 0, 1.88%, 15, 0, 3, 3304.52
1539329704, 24, 110, 119, 0, 0, 1.88%, 15, 0, 3, 3300.26
1539329709, 25, 94, 119, 0, 0, 1.88%, 15, 0, 3, 3302.62
1539329714, 26, 73, 119, 0, 0, 1.88%, 15, 0, 3, 3303.74
1539329719, 27, 57, 119, 0, 0, 1.88%, 15, 0, 3, 3304.52
1539329724, 28, 45, 119, 0, 0, 1.88%, 15, 0, 3, 3310.61
1539329729, 28, 118, 119, 0, 0, 1.88%, 15, 0, 3, 3305.19
1539329735, 29, 94, 119, 0, 0, 1.88%, 15, 0, 3, 3293.23
1539329740, 30, 77, 119, 0, 0, 1.88%, 15, 0, 3, 3299.65
1539329745, 31, 57, 119, 0, 0, 1.88%, 15, 0, 3, 3304.79
1539329750, 32, 10, 119, 0, 0, 1.88%, 15, 0, 3, 3304.09
1539329755, 32, 99, 119, 0, 0, 1.88%, 15, 0, 3, 3302.78
1539329760, 33, 79, 119, 0, 0, 1.88%, 15, 0, 3, 3302.38
1539329765, 34, 57, 119, 0, 0, 1.88%, 15, 0, 3, 3302.39
1539329770, 35, 26, 119, 0, 0, 1.88%, 15, 0, 3, 3308.50
1539329775, 35, 99, 119, 0, 0, 1.88%, 15, 0, 3, 3305.93
1539329780, 36, 75, 119, 0, 0, 1.88%, 15, 0, 3, 3308.40
1539329786, 37, 56, 119, 0, 0, 1.88%, 15, 0, 3, 3307.98
1539329791, 38, 45, 119, 0, 0, 1.88%, 15, 0, 3, 3305.55
1539329796, 38, 117, 119, 0, 0, 1.88%, 15, 0, 3, 3298.89
1539329801, 39, 99, 119, 0, 0, 1.88%, 15, 0, 3, 3292.21
1539329806, 40, 81, 119, 0, 0, 1.88%, 15, 0, 3, 3300.05
1539329811, 41, 63, 119, 0, 0, 1.88%, 15, 0, 3, 3304.55
1539329816, 42, 48, 119, 0, 0, 1.88%, 15, 0, 3, 3302.05
1539329821, 43, 13, 119, 0, 0, 1.88%, 15, 0, 3, 3299.99
1539329826, 43, 109, 119, 0, 0, 1.88%, 15, 0, 3, 3301.62
1539329832, 44, 86, 119, 0, 0, 1.88%, 15, 0, 3, 3305.61
1539329837, 45, 63, 119, 0, 0, 1.88%, 15, 0, 3, 3302.93
1539329842, 46, 52, 119, 0, 0, 1.88%, 15, 0, 3, 3306.44
1539329847, 47, 17, 119, 0, 0, 1.88%, 15, 0, 3, 3304.87
1539329852, 47, 109, 119, 0, 0, 1.88%, 15, 0, 3, 3301.43
1539329857, 48, 82, 119, 0, 0, 1.88%, 15, 0, 3, 3302.85
1539329862, 49, 66, 119, 0, 0, 1.88%, 15, 0, 3, 3304.94
1539329867, 50, 60, 119, 0, 0, 1.88%, 15, 0, 3, 3303.53
1539329872, 51, 26, 119, 0, 0, 1.88%, 15, 0, 3, 3300.65
1539329877, 51, 110, 119, 0, 0, 1.88%, 15, 0, 3, 3303.77
1539329883, 52, 94, 119, 0, 0, 1.88%, 15, 0, 3, 3301.20
1539329888, 53, 63, 119, 0, 0, 1.88%, 15, 0, 3, 3307.38
1539329893, 54, 45, 119, 0, 0, 1.88%, 15, 0, 3, 3306.04
1539329898, 54, 117, 119, 0, 0, 1.88%, 15, 0, 3, 3306.86
1539329903, 55, 94, 119, 0, 0, 1.88%, 15, 0, 3, 3305.77
1539329908, 56, 81, 119, 0, 0, 1.88%, 15, 0, 3, 3305.44
1539329913, 57, 73, 119, 0, 0, 1.88%, 15, 0, 3, 3309.09
1539329918, 58, 56, 119, 0, 0, 1.88%, 15, 0, 3, 3265.06
1539329924, 59, 29, 119, 0, 0, 1.88%, 15, 0, 3, 3299.72
1539329929, 59, 110, 119, 0, 0, 1.88%, 15, 0, 3, 3303.66
1539329934, 60, 98, 119, 0, 0, 1.88%, 15, 0, 3, 3307.54
1539329939, 61, 81, 119, 0, 0, 1.88%, 15, 0, 3, 3303.53
