# unix_time, cycles_done, cur_path, paths_total, pending_total, pending_favs, map_size, unique_crashes, unique_hangs, max_depth, execs_per_sec
1539313652, 0, 0, 6, 6, 6, 1.19%, 0, 0, 1, 1920.00
1539313657, 0, 0, 123, 123, 6, 1.33%, 0, 0, 2, 2855.98
1539313662, 0, 0, 207, 207, 6, 1.36%, 0, 0, 2, 3065.68
1539313667, 0, 0, 221, 221, 6, 1.37%, 0, 0, 2, 3105.76
1539313672, 0, 13, 221, 220, 32, 1.37%, 0, 0, 2, 3139.16
1539313677, 0, 27, 221, 219, 31, 1.37%, 0, 0, 2, 3087.68
1539313682, 0, 44, 221, 218, 30, 1.37%, 0, 0, 2, 3056.07
1539313687, 0, 56, 221, 217, 29, 1.37%, 0, 0, 2, 3093.37
1539313692, 0, 75, 221, 214, 26, 1.37%, 0, 0, 2, 3108.52
1539313703, 0, 75, 228, 221, 26, 1.37%, 0, 0, 3, 2986.45
1539313708, 0, 75, 235, 228, 26, 1.37%, 0, 0, 3, 2869.97
1539313713, 0, 78, 243, 235, 26, 1.42%, 0, 0, 3, 2917.60
1539313718, 0, 84, 244, 235, 25, 1.42%, 0, 0, 3, 2944.69
1539313728, 0, 121, 244, 234, 24, 1.42%, 0, 0, 3, 3052.64
1539313733, 0, 129, 244, 232, 22, 1.42%, 0, 0, 3, 3118.06
1539313743, 0, 135, 244, 231, 21, 1.42%, 0, 0, 3, 2921.37
1539313748, 0, 135, 247, 234, 21, 1.42%, 0, 0, 3, 2984.28
1539313753, 0, 135, 251, 238, 21, 1.43%, 0, 0, 3, 3045.47
1539313758, 0, 145, 253, 239, 22, 1.43%, 0, 0, 3, 3085.38
1539313764, 0, 152, 254, 239, 21, 1.43%, 0, 0, 3, 3128.41
1539313774, 0, 156, 254, 238, 20, 1.43%, 0, 0, 3, 2947.54
1539313779, 0, 160, 255, 238, 19, 1.43%, 0, 0, 3, 3012.57
1539313784, 0, 168, 256, 238, 19, 1.43%, 0, 0, 3, 3074.88
1539313789, 0, 173, 256, 237, 18, 1.43%, 0, 0, 3, 2970.87
1539313794, 0, 179, 256, 236, 17, 1.43%, 0, 0, 3, 2876.47
1539313804, 0, 188, 256, 235, 16, 1.43%, 0, 0, 3, 2837.60
1539313810, 0, 190, 256, 234, 15, 1.43%, 0, 0, 3, 2802.06
1539313815, 0, 190, 264, 242, 15, 1.44%, 0, 0, 3, 2853.55
1539313820, 0, 190, 273, 251, 15, 1.45%, 0, 0, 3, 2936.51
1539313825, 0, 191, 275, 252, 20, 1.45%, 0, 0, 3, 2866.71
1539313835, 0, 192, 275, 251, 19, 1.45%, 0, 0, 3, 2980.88
1539313840, 0, 200, 275, 250, 18, 1.45%, 0, 0, 3, 3021.45
1539313845, 0, 209, 275, 249, 17, 1.45%, 0, 0, 3, 2926.22
1539313855, 0, 212, 275, 248, 16, 1.45%, 0, 0, 3, 2776.88
1539313860, 0, 215, 276, 248, 15, 1.45%, 0, 0, 3, 2825.30
1539313865, 0, 225, 276, 247, 14, 1.45%, 0, 0, 3, 2968.62
1539313875, 0, 235, 278, 248, 13, 1.46%, 0, 0, 4, 2799.34
1539313880, 0, 235, 280, 250, 13, 1.48%, 0, 0, 4, 2800.03
1539313885, 0, 235, 290, 260, 13, 1.52%, 0, 0, 4, 2799.73
1539313890, 0, 235, 292, 262, 13, 1.52%, 0, 0, 4, 2844.41
1539313896, 0, 236, 292, 261, 24, 1.52%, 0, 0, 4, 2845.26
1539313901, 0, 241, 294, 262, 23, 1.52%, 0, 0, 4, 2800.08
1539313911, 0, 245, 295, 262, 24, 1.52%, 0, 0, 4, 2789.12
1539313921, 0, 247, 295, 261, 23, 1.52%, 0, 0, 4, 2913.46
1539313926, 0, 255, 295, 260, 22, 1.52%, 0, 0, 4, 3023.06
1539313931, 0, 257, 295, 259, 21, 1.52%, 0, 0, 4, 2804.01
1539313936, 0, 260, 295, 258, 20, 1.52%, 0, 0, 4, 2793.05
1539313941, 0, 266, 296, 258, 19, 1.52%, 0, 0, 4, 2787.36
1539313946, 0, 266, 297, 259, 19, 1.53%, 0, 0, 4, 2753.25
1539313951, 0, 270, 297, 258, 19, 1.53%, 0, 0, 4, 2759.96
1539313962, 0, 273, 297, 257, 18, 1.53%, 0, 0, 4, 2745.42
1539313967, 0, 274, 300, 259, 17, 1.56%, 0, 0, 4, 2742.96
1539313972, 0, 274, 301, 260, 17, 1.57%, 0, 0, 4, 2840.11
1539313977, 0, 274, 306, 265, 17, 1.75%, 0, 0, 4, 2906.26
1539313982, 0, 274, 311, 270, 17, 1.77%, 0, 0, 4, 2910.71
1539313987, 0, 276, 313, 271, 24, 1.77%, 0, 0, 4, 2853.65
1539313997, 0, 277, 315, 272, 23, 1.77%, 0, 0, 5, 2891.20
1539314007, 0, 278, 317, 273, 22, 1.78%, 0, 0, 5, 2684.79
1539314018, 0, 278, 321, 277, 22, 1.80%, 0, 0, 5, 2927.13
1539314023, 0, 278, 325, 281, 22, 1.80%, 0, 0, 5, 2958.37
1539314028, 0, 279, 326, 281, 27, 1.80%, 0, 0, 5, 2939.58
1539314033, 0, 280, 326, 280, 26, 1.80%, 0, 0, 5, 2927.98
1539314043, 0, 283, 326, 279, 25, 1.80%, 0, 0, 5, 2890.08
1539314053, 0, 286, 327, 279, 25, 1.80%, 0, 0, 5, 2904.71
1539314058, 0, 286, 328, 280, 25, 1.81%, 0, 0, 5, 2933.75
1539314063, 0, 287, 329, 280, 25, 1.81%, 0, 0, 5, 2935.37
1539314068, 0, 287, 330, 281, 25, 1.81%, 0, 0, 5, 2942.38
1539314073, 0, 289, 330, 280, 25, 1.81%, 0, 0, 5, 2932.31
1539314078, 0, 290, 332, 281, 24, 1.82%, 0, 0, 5, 2945.99
1539314084, 0, 290, 334, 283, 24, 1.82%, 0, 0, 5, 3016.03
1539314089, 0, 290, 344, 293, 24, 1.84%, 0, 0, 5, 3049.10
1539314094, 0, 292, 345, 293, 29, 1.84%, 0, 0, 5, 3054.31
1539314104, 0, 293, 345, 292, 28, 1.84%, 0, 0, 5, 2816.38
1539314114, 0, 295, 345, 291, 27, 1.84%, 0, 0, 5, 2697.94
1539314124, 0, 296, 346, 291, 26, 1.84%, 0, 0, 5, 2853.22
1539314129, 0, 299, 352, 296, 26, 1.85%, 0, 0, 5, 2889.82
1539314134, 0, 299, 360, 304, 26, 1.85%, 0, 0, 5, 2938.90
1539314139, 0, 299, 373, 317, 26, 1.86%, 0, 0, 5, 3004.55
1539314144, 0, 300, 378, 321, 33, 1.86%, 0, 0, 5, 2961.40
1539314155, 0, 305, 379, 321, 33, 1.86%, 0, 0, 5, 2992.52
1539314160, 0, 305, 384, 326, 33, 1.86%, 0, 0, 5, 2901.26
1539314165, 0, 305, 393, 335, 33, 1.86%, 0, 0, 5, 2976.06
1539314170, 0, 309, 398, 339, 36, 1.86%, 0, 0, 5, 3004.95
1539314180, 0, 315, 398, 338, 35, 1.86%, 0, 0, 5, 2916.77
1539314185, 0, 318, 398, 337, 34, 1.86%, 0, 0, 5, 2887.14
1539314195, 0, 319, 398, 336, 33, 1.86%, 0, 0, 5, 2786.83
1539314205, 0, 320, 398, 335, 32, 1.86%, 0, 0, 5, 2913.65
1539314216, 0, 322, 399, 335, 31, 1.86%, 0, 0, 6, 2896.21
1539314221, 0, 326, 400, 335, 31, 1.86%, 0, 0, 6, 2852.12
1539314231, 0, 327, 402, 336, 30, 1.86%, 0, 0, 6, 2823.36
1539314236, 0, 327, 403, 337, 30, 1.87%, 0, 0, 6, 2931.98
1539314241, 0, 328, 403, 336, 30, 1.87%, 0, 0, 6, 2934.33
1539314251, 0, 331, 403, 335, 29, 1.87%, 0, 0, 6, 2990.70
