# unix_time, cycles_done, cur_path, paths_total, pending_total, pending_favs, map_size, unique_crashes, unique_hangs, max_depth, execs_per_sec
1539323310, 0, 0, 6, 6, 5, 1.74%, 0, 0, 1, 2526.32
1539323315, 0, 0, 86, 86, 5, 1.93%, 0, 0, 2, 2607.94
1539323320, 0, 0, 330, 330, 5, 2.10%, 24, 0, 2, 2827.07
1539323325, 0, 20, 340, 339, 68, 2.11%, 28, 0, 2, 2759.00
1539323330, 0, 20, 341, 340, 68, 2.11%, 28, 0, 3, 2550.85
1539323335, 0, 20, 356, 355, 68, 2.12%, 29, 0, 3, 2794.77
1539323340, 0, 20, 362, 361, 68, 2.13%, 30, 0, 3, 2924.63
1539323345, 0, 25, 363, 361, 74, 2.13%, 30, 0, 3, 2662.66
1539323350, 0, 25, 372, 370, 74, 2.13%, 30, 0, 3, 2759.42
1539323355, 0, 25, 380, 378, 74, 2.14%, 30, 0, 3, 2828.77
1539323360, 0, 30, 383, 380, 76, 2.14%, 30, 0, 3, 2815.20
1539323366, 0, 38, 383, 379, 75, 2.14%, 30, 0, 3, 2903.39
1539323371, 0, 54, 383, 378, 74, 2.14%, 30, 0, 3, 2783.36
1539323376, 0, 66, 383, 377, 73, 2.14%, 30, 0, 3, 2873.71
1539323381, 0, 80, 383, 376, 73, 2.14%, 30, 0, 3, 2859.17
1539323386, 0, 90, 383, 375, 72, 2.14%, 30, 0, 3, 2742.05
1539323391, 0, 91, 383, 374, 70, 2.14%, 30, 0, 3, 2740.54
1539323396, 0, 113, 383, 373, 69, 2.14%, 30, 0, 3, 2990.60
1539323401, 0, 123, 383, 372, 68, 2.14%, 30, 0, 3, 3124.06
1539323406, 0, 146, 383, 370, 66, 2.14%, 30, 0, 3, 3222.08
1539323411, 0, 148, 384, 370, 65, 2.14%, 30, 0, 3, 2648.55
1539323416, 0, 148, 393, 379, 65, 2.14%, 31, 0, 3, 2688.37
1539323421, 0, 148, 397, 383, 65, 2.14%, 33, 0, 3, 2774.08
1539323426, 0, 165, 399, 384, 67, 2.14%, 33, 0, 3, 2626.28
1539323431, 0, 175, 399, 383, 66, 2.14%, 33, 0, 3, 2862.44
1539323436, 0, 177, 399, 382, 65, 2.14%, 33, 0, 3, 2894.68
1539323441, 0, 179, 399, 381, 64, 2.14%, 33, 0, 3, 2724.17
1539323446, 0, 181, 400, 381, 63, 2.14%, 33, 0, 3, 2599.64
1539323452, 0, 192, 400, 380, 62, 2.14%, 33, 0, 3, 2614.17
1539323457, 0, 194, 400, 379, 61, 2.14%, 33, 0, 3, 2680.87
1539323467, 0, 199, 400, 377, 59, 2.14%, 33, 0, 3, 2588.46
1539323472, 0, 206, 401, 377, 58, 2.14%, 33, 0, 3, 2912.61
1539323477, 0, 221, 401, 376, 57, 2.14%, 33, 0, 3, 2864.18
1539323482, 0, 223, 401, 375, 56, 2.14%, 33, 0, 3, 2742.07
1539323487, 0, 228, 401, 374, 55, 2.14%, 33, 0, 3, 2669.93
1539323492, 0, 245, 401, 373, 54, 2.14%, 33, 0, 3, 2713.17
1539323497, 0, 246, 402, 373, 53, 2.14%, 33, 0, 3, 2881.92
1539323507, 0, 246, 411, 382, 53, 2.15%, 33, 0, 3, 2696.00
1539323512, 0, 246, 416, 387, 53, 2.15%, 33, 0, 3, 2766.73
1539323518, 0, 251, 417, 387, 55, 2.15%, 33, 0, 3, 2945.20
1539323523, 0, 255, 417, 386, 54, 2.15%, 33, 0, 3, 2841.65
1539323528, 0, 257, 417, 385, 54, 2.15%, 33, 0, 3, 2568.25
1539323533, 0, 262, 417, 384, 53, 2.15%, 33, 0, 3, 2478.44
1539323543, 0, 266, 417, 383, 52, 2.15%, 33, 0, 3, 2696.40
1539323548, 0, 272, 417, 382, 51, 2.15%, 33, 0, 3, 2570.94
1539323553, 0, 278, 417, 381, 50, 2.15%, 33, 0, 3, 2654.23
1539323558, 0, 282, 417, 380, 49, 2.15%, 33, 0, 3, 2601.70
1539323563, 0, 286, 417, 379, 48, 2.15%, 33, 0, 3, 2676.81
1539323568, 0, 288, 417, 378, 47, 2.15%, 34, 0, 3, 2715.52
1539323573, 0, 289, 418, 378, 46, 2.15%, 35, 0, 3, 2726.81
1539323578, 0, 291, 419, 378, 45, 2.15%, 35, 0, 3, 2740.67
1539323583, 0, 295, 419, 377, 44, 2.15%, 35, 0, 3, 2732.60
1539323593, 0, 297, 419, 376, 43, 2.15%, 35, 0, 3, 2728.14
1539323598, 0, 299, 420, 376, 42, 2.15%, 35, 0, 3, 2730.34
1539323603, 0, 304, 420, 374, 40, 2.15%, 35, 0, 3, 2828.17
1539323614, 0, 305, 420, 373, 40, 2.15%, 35, 0, 3, 2720.26
1539323619, 0, 306, 420, 372, 39, 2.15%, 35, 0, 3, 2718.54
1539323624, 0, 310, 420, 371, 38, 2.15%, 35, 0, 3, 2677.58
1539323629, 0, 312, 421, 371, 37, 2.15%, 35, 0, 3, 2535.65
1539323639, 0, 315, 421, 370, 36, 2.15%, 35, 0, 3, 2707.29
1539323644, 0, 316, 421, 369, 35, 2.15%, 35, 0, 3, 2613.42
1539323649, 0, 321, 422, 369, 34, 2.15%, 35, 0, 3, 2732.89
1539323654, 0, 326, 422, 368, 33, 2.15%, 35, 0, 3, 2596.05
1539323659, 0, 330, 424, 369, 32, 2.15%, 35, 0, 3, 2658.37
1539323664, 0, 335, 426, 370, 31, 2.15%, 35, 0, 3, 2852.17
1539323674, 0, 336, 426, 369, 30, 2.15%, 35, 0, 3, 2631.89
1539323680, 0, 337, 426, 368, 29, 2.15%, 35, 0, 3, 2691.09
1539323685, 0, 340, 426, 367, 28, 2.15%, 35, 0, 3, 2708.26
1539323690, 0, 341, 426, 366, 27, 2.15%, 35, 0, 3, 2508.32
1539323700, 0, 346, 426, 365, 26, 2.15%, 35, 0, 3, 2563.26
1539323705, 0, 347, 426, 364, 25, 2.15%, 35, 0, 3, 2611.57
1539323715, 0, 354, 427, 364, 24, 2.16%, 35, 0, 4, 2499.99
1539323720, 0, 356, 428, 364, 25, 2.16%, 35, 0, 4, 2497.88
1539323725, 0, 357, 428, 363, 24, 2.16%, 35, 0, 4, 2546.37
1539323735, 0, 358, 428, 362, 23, 2.16%, 35, 0, 4, 2573.73
1539323740, 0, 367, 428, 361, 22, 2.16%, 35, 0, 4, 2510.21
1539323750, 0, 368, 428, 360, 21, 2.16%, 35, 0, 4, 2773.30
1539323755, 0, 377, 429, 360, 21, 2.16%, 35, 0, 4, 2909.18
1539323760, 0, 381, 429, 359, 20, 2.16%, 35, 0, 4, 2742.62
1539323765, 0, 382, 429, 358, 19, 2.16%, 36, 0, 4, 2615.61
1539323776, 0, 383, 429, 357, 18, 2.16%, 36, 0, 4, 2514.56
1539323781, 0, 384, 429, 356, 17, 2.16%, 36, 0, 4, 2522.57
1539323786, 0, 384, 432, 359, 17, 2.16%, 36, 0, 4, 2505.16
1539323791, 0, 384, 434, 361, 17, 2.16%, 36, 0, 4, 2681.25
1539323796, 0, 384, 436, 363, 17, 2.16%, 37, 0, 4, 2675.25
1539323801, 0, 385, 437, 363, 16, 2.16%, 37, 0, 4, 2665.76
1539323806, 0, 386, 437, 362, 15, 2.16%, 37, 0, 4, 2514.88
1539323811, 0, 387, 437, 361, 14, 2.16%, 37, 0, 4, 2518.61
1539323816, 0, 392, 437, 360, 13, 2.16%, 37, 0, 4, 2500.78
1539323826, 0, 397, 439, 361, 12, 2.16%, 37, 0, 4, 2487.93
1539323831, 0, 402, 440, 361, 11, 2.16%, 37, 0, 4, 2568.21
1539323841, 0, 403, 440, 360, 10, 2.16%, 37, 0, 4, 2594.70
1539323847, 0, 405, 440, 359, 9, 2.16%, 37, 0, 4, 2593.78
1539323852, 0, 405, 441, 360, 9, 2.16%, 37, 0, 4, 2521.48
1539323857, 0, 408, 443, 361, 10, 2.16%, 37, 0, 4, 2618.14
1539323862, 0, 410, 443, 360, 9, 2.16%, 37, 0, 4, 2652.92
1539323872, 0, 411, 443, 359, 9, 2.16%, 37, 0, 4, 2602.79
1539323877, 0, 417, 443, 358, 8, 2.16%, 37, 0, 4, 2664.35
1539323887, 0, 418, 443, 357, 7, 2.16%, 37, 0, 4, 2592.79
1539323892, 0, 426, 443, 356, 6, 2.16%, 37, 0, 4, 2529.78
1539323902, 0, 427, 444, 356, 5, 2.16%, 37, 0, 5, 2510.05
