# unix_time, cycles_done, cur_path, paths_total, pending_total, pending_favs, map_size, unique_crashes, unique_hangs, max_depth, execs_per_sec
1539295544, 0, 0, 6, 6, 6, 1.19%, 0, 0, 1, 2526.32
1539295549, 0, 0, 67, 67, 6, 1.31%, 0, 0, 2, 2876.94
1539295554, 0, 0, 209, 209, 6, 1.36%, 0, 0, 2, 3025.06
1539295559, 0, 0, 217, 217, 6, 1.36%, 0, 0, 2, 2854.53
1539295564, 0, 15, 219, 218, 33, 1.39%, 0, 0, 2, 2800.85
1539295569, 0, 17, 219, 217, 32, 1.39%, 0, 0, 2, 3015.77
1539295574, 0, 17, 224, 222, 32, 1.39%, 0, 0, 3, 3079.20
1539295579, 0, 17, 228, 226, 32, 1.39%, 0, 0, 3, 3084.18
1539295584, 0, 18, 233, 230, 32, 1.41%, 0, 0, 3, 3081.98
1539295589, 0, 45, 233, 229, 31, 1.41%, 0, 0, 3, 3081.57
1539295594, 0, 55, 233, 228, 30, 1.41%, 0, 0, 3, 3026.02
1539295599, 0, 74, 233, 227, 29, 1.41%, 0, 0, 3, 2920.90
1539295604, 0, 80, 236, 228, 30, 1.41%, 0, 0, 3, 3106.28
1539295609, 0, 94, 236, 227, 29, 1.41%, 0, 0, 3, 3202.93
1539295614, 0, 95, 236, 226, 28, 1.41%, 0, 0, 3, 3116.48
1539295619, 0, 98, 236, 225, 27, 1.41%, 0, 0, 3, 3181.29
1539295624, 0, 102, 236, 224, 27, 1.41%, 0, 0, 3, 2994.00
1539295630, 0, 117, 237, 224, 26, 1.41%, 0, 0, 3, 3027.32
1539295635, 0, 127, 237, 223, 25, 1.41%, 0, 0, 3, 3031.74
1539295640, 0, 135, 237, 222, 24, 1.41%, 0, 0, 3, 3068.88
1539295645, 0, 136, 237, 221, 23, 1.41%, 0, 0, 3, 3011.70
1539295650, 0, 146, 237, 220, 22, 1.41%, 0, 0, 3, 2929.63
1539295660, 0, 148, 237, 219, 21, 1.41%, 0, 0, 3, 2874.15
1539295665, 0, 160, 238, 219, 20, 1.41%, 0, 0, 3, 3061.92
1539295670, 0, 161, 238, 218, 19, 1.41%, 0, 0, 3, 2995.01
1539295675, 0, 163, 238, 217, 18, 1.41%, 0, 0, 3, 2940.18
1539295680, 0, 170, 240, 218, 19, 1.41%, 0, 0, 3, 2982.93
1539295691, 0, 179, 240, 217, 18, 1.41%, 0, 0, 3, 2957.32
1539295696, 0, 182, 240, 216, 17, 1.41%, 0, 0, 3, 2960.03
1539295701, 0, 192, 240, 215, 17, 1.41%, 0, 0, 3, 2891.18
1539295711, 0, 194, 240, 214, 16, 1.41%, 0, 0, 3, 2884.28
1539295716, 0, 196, 240, 213, 15, 1.41%, 0, 0, 3, 2955.58
1539295721, 0, 198, 241, 213, 14, 1.41%, 0, 0, 3, 2974.00
1539295726, 0, 207, 241, 212, 13, 1.41%, 0, 0, 3, 2963.31
1539295731, 0, 217, 246, 216, 12, 1.42%, 0, 0, 3, 3032.08
1539295736, 0, 217, 247, 217, 12, 1.42%, 0, 0, 3, 2869.96
1539295742, 0, 217, 255, 225, 12, 1.44%, 0, 0, 3, 2896.13
1539295747, 0, 217, 261, 231, 12, 1.45%, 0, 0, 3, 2910.02
1539295752, 0, 222, 266, 235, 21, 1.45%, 0, 0, 3, 2922.16
1539295762, 0, 224, 268, 236, 20, 1.49%, 0, 0, 4, 2837.45
1539295767, 0, 225, 269, 236, 21, 1.49%, 0, 0, 4, 2880.69
1539295772, 0, 226, 269, 235, 20, 1.49%, 0, 0, 4, 2909.47
1539295783, 0, 228, 270, 235, 19, 1.50%, 0, 0, 4, 2863.13
1539295788, 0, 228, 271, 236, 19, 1.51%, 0, 0, 4, 2845.38
1539295793, 0, 229, 275, 239, 18, 1.55%, 0, 0, 4, 2815.70
1539295798, 0, 233, 279, 242, 22, 1.56%, 0, 0, 4, 2853.84
1539295808, 0, 234, 280, 242, 21, 1.56%, 0, 0, 4, 2968.29
1539295813, 0, 238, 280, 241, 20, 1.56%, 0, 0, 4, 3001.78
1539295818, 0, 239, 280, 240, 19, 1.56%, 0, 0, 4, 3019.46
1539295823, 0, 244, 280, 239, 18, 1.56%, 0, 0, 4, 2914.14
1539295833, 0, 245, 280, 238, 17, 1.56%, 0, 0, 4, 2806.92
1539295838, 0, 247, 280, 237, 16, 1.56%, 0, 0, 4, 2799.77
1539295848, 0, 249, 280, 236, 15, 1.56%, 0, 0, 4, 2817.88
1539295859, 0, 257, 280, 235, 14, 1.56%, 0, 0, 4, 2845.22
1539295864, 0, 261, 280, 234, 13, 1.56%, 0, 0, 4, 2801.51
1539295869, 0, 261, 281, 235, 13, 1.56%, 0, 0, 4, 2746.01
1539295874, 0, 261, 285, 239, 13, 1.57%, 0, 0, 4, 2767.83
1539295879, 0, 261, 291, 245, 13, 1.58%, 0, 0, 4, 2841.36
1539295884, 0, 261, 294, 248, 13, 1.58%, 0, 0, 4, 2853.78
1539295889, 0, 264, 295, 248, 18, 1.58%, 0, 0, 4, 2824.92
1539295899, 0, 266, 310, 262, 17, 1.60%, 0, 0, 5, 2824.95
1539295904, 0, 267, 312, 263, 26, 1.62%, 0, 0, 5, 2820.36
1539295909, 0, 267, 315, 266, 26, 1.76%, 0, 0, 5, 2842.27
1539295914, 0, 267, 318, 269, 26, 1.77%, 0, 0, 5, 2898.49
1539295919, 0, 270, 321, 271, 28, 1.77%, 0, 0, 5, 2927.36
1539295929, 0, 271, 322, 271, 27, 1.77%, 0, 0, 5, 2839.30
1539295935, 0, 271, 325, 274, 27, 1.78%, 0, 0, 5, 2828.13
1539295940, 0, 272, 325, 273, 30, 1.78%, 0, 0, 5, 2832.36
1539295950, 0, 274, 326, 273, 29, 1.78%, 0, 0, 5, 2836.06
1539295960, 0, 275, 326, 272, 29, 1.78%, 0, 0, 5, 2806.90
1539295965, 0, 277, 326, 271, 28, 1.78%, 0, 0, 5, 2793.07
1539295975, 0, 278, 327, 271, 27, 1.78%, 0, 0, 5, 2826.06
1539295986, 0, 280, 327, 270, 25, 1.78%, 0, 0, 5, 2756.31
1539295996, 0, 281, 327, 269, 24, 1.78%, 0, 0, 5, 2781.29
1539296006, 0, 282, 327, 268, 23, 1.78%, 0, 0, 5, 2839.94
1539296011, 0, 283, 328, 268, 22, 1.78%, 0, 0, 5, 2855.71
1539296021, 0, 285, 329, 268, 22, 1.78%, 0, 0, 5, 2787.27
1539296032, 0, 303, 329, 267, 21, 1.78%, 0, 0, 5, 2767.81
1539296042, 0, 304, 333, 270, 22, 1.79%, 0, 0, 6, 2846.28
1539296047, 0, 305, 333, 269, 23, 1.79%, 0, 0, 6, 2839.37
1539296057, 0, 306, 335, 270, 22, 1.79%, 0, 0, 6, 2840.95
1539296062, 0, 307, 337, 271, 23, 1.79%, 0, 0, 6, 2858.56
1539296067, 0, 307, 338, 272, 23, 1.79%, 0, 0, 6, 2842.97
1539296072, 0, 307, 341, 275, 23, 1.80%, 0, 0, 6, 2900.77
1539296077, 0, 307, 345, 279, 23, 1.81%, 0, 0, 6, 2939.59
1539296082, 0, 308, 348, 281, 27, 1.81%, 0, 0, 6, 2864.87
1539296087, 0, 309, 349, 281, 28, 1.81%, 0, 0, 6, 2862.86
1539296097, 0, 310, 349, 280, 27, 1.81%, 0, 0, 6, 2837.68
1539296103, 0, 313, 354, 284, 26, 1.81%, 0, 0, 6, 2841.79
1539296108, 0, 314, 354, 283, 27, 1.81%, 0, 0, 6, 2843.41
1539296118, 0, 316, 354, 282, 26, 1.81%, 0, 0, 6, 2828.81
1539296123, 0, 316, 356, 284, 26, 1.81%, 0, 0, 6, 2904.36
1539296128, 0, 321, 357, 284, 26, 1.81%, 0, 0, 6, 2887.13
1539296138, 0, 322, 357, 283, 25, 1.81%, 0, 0, 6, 2835.56
