# unix_time, cycles_done, cur_path, paths_total, pending_total, pending_favs, map_size, unique_crashes, unique_hangs, max_depth, execs_per_sec
1539311841, 0, 0, 6, 6, 6, 1.19%, 0, 0, 1, 2666.67
1539311846, 0, 0, 133, 133, 6, 1.33%, 0, 0, 2, 3038.65
1539311851, 0, 0, 204, 204, 6, 1.39%, 0, 0, 2, 3041.29
1539311856, 0, 0, 216, 216, 6, 1.40%, 0, 0, 2, 3033.38
1539311861, 0, 7, 216, 215, 31, 1.40%, 0, 0, 2, 3100.23
1539311866, 0, 15, 216, 214, 30, 1.40%, 0, 0, 2, 3088.53
1539311871, 0, 44, 216, 213, 29, 1.40%, 0, 0, 2, 3039.98
1539311876, 0, 45, 216, 212, 28, 1.40%, 0, 0, 2, 3097.31
1539311881, 0, 56, 216, 211, 27, 1.40%, 0, 0, 2, 3062.39
1539311886, 0, 64, 216, 210, 26, 1.40%, 0, 0, 2, 3041.61
1539311891, 0, 87, 216, 207, 23, 1.40%, 0, 0, 2, 3194.69
1539311896, 0, 105, 217, 207, 22, 1.40%, 0, 0, 3, 3005.09
1539311907, 0, 105, 229, 219, 22, 1.61%, 0, 0, 3, 2921.91
1539311912, 0, 105, 242, 232, 22, 1.64%, 0, 0, 3, 2886.86
1539311917, 0, 118, 249, 238, 31, 1.65%, 0, 0, 3, 2754.36
1539311927, 0, 130, 249, 237, 30, 1.65%, 0, 0, 3, 3018.04
1539311932, 0, 134, 250, 237, 29, 1.65%, 0, 0, 3, 2917.58
1539311937, 0, 139, 251, 237, 28, 1.65%, 0, 0, 3, 3084.68
1539311942, 0, 144, 253, 238, 28, 1.65%, 0, 0, 3, 3138.26
1539311947, 0, 146, 254, 238, 27, 1.65%, 0, 0, 3, 3121.28
1539311952, 0, 152, 255, 238, 26, 1.65%, 0, 0, 3, 3054.56
1539311957, 0, 157, 258, 240, 26, 1.66%, 0, 0, 3, 2928.33
1539311962, 0, 157, 263, 245, 26, 1.66%, 0, 0, 3, 2969.75
1539311967, 0, 157, 267, 249, 26, 1.67%, 0, 0, 3, 2971.56
1539311973, 0, 159, 268, 249, 31, 1.67%, 0, 0, 3, 2922.36
1539311983, 0, 162, 269, 249, 30, 1.67%, 0, 0, 3, 2893.78
1539311988, 0, 162, 272, 252, 30, 1.67%, 0, 0, 3, 2960.23
1539311993, 0, 162, 279, 259, 30, 1.67%, 0, 0, 3, 3020.40
1539311998, 0, 164, 281, 260, 29, 1.67%, 0, 0, 3, 3026.58
1539312008, 0, 180, 281, 259, 28, 1.67%, 0, 0, 3, 2904.40
1539312013, 0, 187, 282, 259, 27, 1.67%, 0, 0, 3, 2853.99
1539312019, 0, 192, 282, 258, 26, 1.67%, 0, 0, 3, 2861.59
1539312029, 0, 200, 283, 258, 25, 1.67%, 0, 0, 3, 2849.78
1539312034, 0, 209, 283, 257, 24, 1.67%, 0, 0, 3, 2811.87
1539312044, 0, 209, 289, 263, 24, 1.69%, 0, 0, 3, 2785.99
1539312049, 0, 209, 293, 267, 24, 1.72%, 0, 0, 3, 2829.64
1539312054, 0, 212, 294, 267, 30, 1.72%, 0, 0, 3, 2879.33
1539312059, 0, 220, 294, 266, 29, 1.72%, 0, 0, 3, 2948.26
1539312069, 0, 221, 294, 265, 28, 1.72%, 0, 0, 3, 2824.36
1539312080, 0, 223, 294, 264, 27, 1.72%, 0, 0, 3, 2796.30
1539312085, 0, 225, 317, 286, 27, 1.79%, 0, 0, 4, 2812.97
1539312090, 0, 225, 325, 294, 27, 1.79%, 0, 0, 4, 2726.51
1539312095, 0, 225, 356, 325, 27, 1.79%, 0, 0, 4, 2917.90
1539312100, 0, 225, 366, 335, 27, 1.79%, 0, 0, 4, 3027.00
1539312105, 0, 226, 366, 334, 35, 1.79%, 0, 0, 4, 2905.31
1539312110, 0, 227, 366, 333, 34, 1.79%, 0, 0, 4, 2860.98
1539312120, 0, 232, 366, 332, 33, 1.79%, 0, 0, 4, 2900.37
1539312130, 0, 235, 367, 332, 32, 1.79%, 0, 0, 4, 2978.79
1539312135, 0, 237, 367, 331, 32, 1.79%, 0, 0, 4, 2977.06
1539312140, 0, 238, 367, 330, 31, 1.79%, 0, 0, 4, 3013.44
1539312151, 0, 240, 367, 329, 30, 1.79%, 0, 0, 4, 2797.80
1539312161, 0, 240, 373, 335, 30, 1.85%, 0, 0, 4, 2932.85
1539312166, 0, 240, 377, 339, 30, 1.86%, 0, 0, 4, 2978.27
1539312171, 0, 247, 378, 339, 34, 1.87%, 0, 0, 4, 3039.36
1539312176, 0, 251, 378, 338, 33, 1.87%, 0, 0, 4, 3107.37
1539312181, 0, 254, 378, 337, 32, 1.87%, 0, 0, 4, 3107.98
1539312186, 0, 255, 378, 336, 31, 1.87%, 0, 0, 4, 2980.56
1539312196, 0, 256, 379, 336, 30, 1.87%, 0, 0, 4, 2898.28
1539312201, 0, 257, 379, 335, 30, 1.87%, 0, 0, 4, 2899.57
1539312207, 0, 258, 379, 334, 29, 1.87%, 0, 0, 4, 2900.51
1539312217, 0, 262, 379, 333, 28, 1.87%, 0, 0, 4, 2768.31
1539312222, 0, 262, 380, 334, 28, 1.88%, 0, 0, 4, 2727.45
1539312227, 0, 266, 380, 333, 28, 1.88%, 0, 0, 4, 2874.51
1539312232, 0, 284, 380, 332, 27, 1.88%, 0, 0, 4, 2771.61
1539312242, 0, 287, 380, 331, 26, 1.88%, 0, 0, 4, 2752.10
1539312252, 0, 288, 384, 334, 25, 1.88%, 0, 0, 4, 2670.92
1539312257, 0, 289, 385, 334, 26, 1.88%, 0, 0, 4, 2663.08
1539312262, 0, 289, 386, 335, 26, 1.88%, 0, 0, 4, 2785.15
1539312267, 0, 291, 386, 334, 26, 1.88%, 0, 0, 4, 2613.88
1539312277, 0, 292, 387, 334, 25, 1.89%, 0, 0, 4, 2708.23
1539312282, 0, 294, 389, 335, 25, 1.89%, 0, 0, 5, 2734.91
1539312287, 0, 294, 394, 340, 25, 1.90%, 0, 0, 5, 2851.84
1539312292, 0, 294, 399, 345, 25, 1.91%, 0, 0, 5, 2944.76
1539312297, 0, 294, 403, 349, 25, 1.91%, 0, 0, 5, 2992.72
1539312302, 0, 304, 404, 349, 33, 1.92%, 0, 0, 5, 2827.29
1539312313, 0, 306, 409, 353, 33, 1.92%, 0, 0, 5, 2957.91
1539312318, 0, 306, 415, 359, 33, 1.93%, 0, 0, 5, 3042.20
1539312323, 0, 306, 416, 360, 33, 1.93%, 0, 0, 5, 3067.76
1539312328, 0, 309, 416, 359, 38, 1.93%, 0, 0, 5, 2886.75
1539312338, 0, 313, 416, 358, 37, 1.93%, 0, 0, 5, 2717.26
1539312343, 0, 314, 417, 358, 36, 1.93%, 0, 0, 5, 2762.60
1539312348, 0, 314, 418, 359, 36, 1.94%, 0, 0, 5, 2937.10
1539312353, 0, 355, 419, 359, 37, 1.94%, 0, 0, 5, 2971.87
1539312358, 0, 359, 420, 359, 38, 1.94%, 0, 0, 5, 2935.09
1539312368, 0, 359, 424, 363, 38, 1.94%, 0, 0, 5, 2947.56
1539312373, 0, 359, 427, 366, 38, 1.94%, 0, 0, 5, 2960.67
1539312378, 0, 366, 428, 366, 38, 1.94%, 0, 0, 5, 2906.33
1539312383, 0, 367, 429, 366, 39, 1.94%, 0, 0, 5, 2935.02
1539312393, 0, 368, 430, 366, 38, 1.94%, 0, 0, 5, 2813.12
1539312404, 0, 370, 430, 365, 37, 1.94%, 0, 0, 5, 2663.12
1539312409, 0, 371, 431, 365, 36, 1.94%, 0, 0, 5, 2706.23
1539312414, 0, 371, 432, 366, 36, 1.96%, 0, 0, 5, 2701.50
1539312419, 0, 372, 432, 365, 35, 1.96%, 0, 0, 5, 2676.25
1539312424, 0, 375, 432, 364, 34, 1.96%, 0, 0, 5, 2801.21
1539312429, 0, 376, 432, 363, 33, 1.96%, 0, 0, 5, 2844.34
1539312434, 0, 376, 433, 364, 33, 1.96%, 0, 0, 5, 2803.26
1539312439, 0, 377, 433, 363, 32, 1.96%, 0, 0, 5, 2578.63
