# unix_time, cycles_done, cur_path, paths_total, pending_total, pending_favs, map_size, unique_crashes, unique_hangs, max_depth, execs_per_sec
1539324517, 0, 0, 6, 6, 6, 1.19%, 0, 0, 1, 2285.71
1539324522, 0, 0, 132, 132, 6, 1.34%, 0, 0, 2, 2967.50
1539324527, 0, 0, 208, 208, 6, 1.39%, 0, 0, 2, 3124.19
1539324532, 0, 0, 229, 229, 6, 1.63%, 0, 0, 2, 3181.96
1539324537, 0, 13, 230, 229, 34, 1.63%, 0, 0, 2, 3220.92
1539324542, 0, 27, 230, 228, 33, 1.63%, 0, 0, 2, 3155.14
1539324547, 0, 42, 231, 228, 32, 1.63%, 0, 0, 3, 3160.87
1539324552, 0, 47, 232, 228, 31, 1.63%, 0, 0, 3, 3153.93
1539324557, 0, 56, 232, 227, 30, 1.63%, 0, 0, 3, 3154.54
1539324562, 0, 62, 232, 226, 29, 1.63%, 0, 0, 3, 3170.30
1539324567, 0, 96, 232, 224, 27, 1.63%, 0, 0, 3, 2973.11
1539324573, 0, 96, 242, 234, 27, 1.63%, 0, 0, 3, 3027.45
1539324578, 0, 96, 254, 246, 27, 1.64%, 0, 0, 3, 3049.15
1539324583, 0, 108, 259, 250, 27, 1.64%, 0, 0, 3, 3113.25
1539324588, 0, 113, 259, 249, 26, 1.64%, 0, 0, 3, 3174.07
1539324593, 0, 115, 259, 248, 25, 1.64%, 0, 0, 3, 3004.66
1539324598, 0, 120, 260, 248, 25, 1.64%, 0, 0, 3, 2976.49
1539324608, 0, 125, 260, 247, 24, 1.64%, 0, 0, 3, 2876.49
1539324613, 0, 129, 261, 247, 23, 1.64%, 0, 0, 3, 2833.63
1539324618, 0, 145, 261, 246, 22, 1.64%, 0, 0, 3, 2990.70
1539324623, 0, 146, 261, 245, 21, 1.64%, 0, 0, 3, 2842.60
1539324628, 0, 147, 261, 244, 20, 1.64%, 0, 0, 3, 2838.69
1539324638, 0, 147, 271, 254, 20, 1.67%, 0, 0, 3, 2889.34
1539324643, 0, 147, 281, 264, 20, 1.67%, 0, 0, 3, 2939.37
1539324648, 0, 161, 281, 263, 24, 1.67%, 0, 0, 3, 2945.92
1539324653, 0, 161, 285, 267, 24, 1.67%, 0, 0, 3, 3007.41
1539324659, 0, 161, 287, 269, 24, 1.67%, 0, 0, 3, 3053.67
1539324664, 0, 164, 289, 270, 26, 1.69%, 0, 0, 3, 3054.26
1539324674, 0, 170, 290, 269, 24, 1.69%, 0, 0, 3, 3133.02
1539324684, 0, 176, 290, 268, 23, 1.69%, 0, 0, 3, 2903.48
1539324689, 0, 181, 290, 267, 22, 1.69%, 0, 0, 3, 2930.23
1539324694, 0, 184, 294, 270, 21, 1.70%, 0, 0, 3, 2967.60
1539324699, 0, 184, 295, 271, 21, 1.70%, 0, 0, 3, 2789.71
1539324704, 0, 184, 308, 284, 21, 1.80%, 0, 0, 3, 2741.50
1539324709, 0, 184, 316, 292, 21, 1.82%, 0, 0, 3, 2881.35
1539324714, 0, 185, 320, 295, 42, 1.86%, 0, 0, 3, 2729.34
1539324724, 0, 186, 320, 294, 42, 1.86%, 0, 0, 3, 2823.86
1539324729, 0, 190, 320, 293, 41, 1.86%, 0, 0, 3, 2955.47
1539324734, 0, 192, 320, 292, 40, 1.86%, 0, 0, 3, 3112.57
1539324739, 0, 217, 320, 291, 39, 1.86%, 0, 0, 3, 3031.88
1539324744, 0, 221, 320, 290, 38, 1.86%, 0, 0, 3, 2867.80
1539324750, 0, 226, 330, 299, 37, 1.87%, 0, 0, 3, 2728.34
1539324755, 0, 226, 332, 301, 37, 1.87%, 0, 0, 3, 2391.67
1539324760, 0, 226, 348, 317, 37, 1.89%, 0, 0, 3, 2703.65
1539324765, 0, 226, 368, 337, 37, 1.91%, 0, 0, 3, 2881.29
1539324770, 0, 239, 374, 342, 48, 1.92%, 0, 0, 3, 2874.06
1539324780, 0, 244, 375, 342, 48, 1.92%, 0, 0, 4, 2708.74
1539324785, 0, 261, 375, 341, 47, 1.92%, 0, 0, 4, 2859.36
1539324795, 0, 263, 375, 340, 46, 1.92%, 0, 0, 4, 2679.16
1539324805, 0, 265, 375, 339, 45, 1.92%, 0, 0, 4, 2751.87
1539324811, 0, 270, 379, 342, 44, 1.92%, 0, 0, 4, 2747.46
1539324816, 0, 270, 381, 344, 44, 1.92%, 0, 0, 4, 2750.11
1539324821, 0, 270, 401, 364, 44, 1.94%, 0, 0, 4, 2953.75
1539324826, 0, 270, 408, 371, 44, 1.94%, 0, 0, 4, 2862.64
1539324831, 0, 273, 409, 371, 47, 1.94%, 0, 0, 4, 2805.43
1539324836, 0, 274, 409, 370, 46, 1.94%, 0, 0, 4, 2780.41
1539324841, 0, 274, 410, 371, 46, 1.94%, 0, 0, 4, 2930.41
1539324846, 0, 287, 411, 371, 46, 1.95%, 0, 0, 4, 2978.63
1539324851, 0, 288, 411, 370, 43, 1.95%, 0, 0, 4, 3025.95
1539324856, 0, 290, 411, 369, 42, 1.95%, 0, 0, 4, 3057.66
1539324866, 0, 291, 411, 368, 41, 1.95%, 0, 0, 4, 2836.33
1539324872, 0, 292, 411, 367, 40, 1.95%, 0, 0, 4, 2829.15
1539324882, 0, 293, 411, 366, 39, 1.95%, 0, 0, 4, 2832.51
1539324892, 0, 294, 411, 365, 38, 1.95%, 0, 0, 4, 2779.59
1539324897, 0, 294, 417, 371, 38, 1.95%, 0, 0, 4, 2869.90
1539324907, 0, 296, 417, 370, 38, 1.95%, 0, 0, 4, 2889.18
1539324917, 0, 298, 418, 370, 37, 1.95%, 0, 0, 4, 2891.17
1539324922, 0, 298, 421, 373, 37, 1.95%, 0, 0, 4, 2965.97
1539324927, 0, 299, 425, 376, 37, 1.95%, 0, 0, 4, 2927.39
1539324932, 0, 300, 426, 376, 38, 1.95%, 0, 0, 4, 2876.69
1539324942, 0, 301, 426, 375, 37, 1.95%, 0, 0, 4, 2782.68
1539324947, 0, 303, 426, 374, 36, 1.95%, 0, 0, 4, 2735.30
1539324953, 0, 303, 427, 375, 36, 1.95%, 0, 0, 4, 2678.54
1539324958, 0, 304, 430, 377, 36, 2.01%, 0, 0, 4, 2692.70
1539324963, 0, 307, 433, 379, 38, 2.02%, 0, 0, 4, 2741.49
1539324973, 0, 308, 434, 379, 37, 2.02%, 0, 0, 4, 2706.82
1539324983, 0, 310, 434, 378, 36, 2.02%, 0, 0, 4, 2719.01
1539324988, 0, 312, 435, 378, 35, 2.02%, 0, 0, 4, 2797.99
1539324998, 0, 314, 435, 377, 34, 2.02%, 0, 0, 4, 2650.93
1539325003, 0, 314, 438, 380, 34, 2.02%, 0, 0, 4, 2799.43
1539325008, 0, 317, 442, 383, 36, 2.03%, 0, 0, 4, 2799.27
1539325013, 0, 317, 443, 384, 36, 2.03%, 0, 0, 4, 2679.86
1539325018, 0, 319, 443, 383, 37, 2.03%, 0, 0, 4, 2795.24
1539325028, 0, 326, 444, 383, 36, 2.03%, 0, 0, 4, 2730.99
1539325033, 0, 328, 444, 382, 35, 2.03%, 0, 0, 4, 2769.39
1539325038, 0, 328, 445, 383, 35, 2.03%, 0, 0, 4, 2746.05
1539325043, 0, 329, 447, 384, 36, 2.04%, 0, 0, 4, 2824.79
1539325054, 0, 333, 447, 383, 35, 2.04%, 0, 0, 4, 2586.35
1539325059, 0, 338, 448, 383, 35, 2.04%, 0, 0, 4, 2599.43
1539325069, 0, 342, 451, 385, 34, 2.04%, 0, 0, 4, 2653.25
1539325074, 0, 342, 453, 387, 34, 2.04%, 0, 0, 4, 2733.46
1539325079, 0, 348, 453, 386, 36, 2.04%, 0, 0, 4, 2810.76
1539325084, 0, 349, 454, 386, 35, 2.05%, 0, 0, 4, 2882.45
1539325089, 0, 353, 454, 385, 35, 2.05%, 0, 0, 4, 2947.96
1539325099, 0, 360, 455, 385, 34, 2.05%, 0, 0, 4, 2732.12
1539325109, 0, 367, 456, 385, 34, 2.05%, 0, 0, 4, 2819.01
1539325114, 0, 369, 456, 384, 34, 2.05%, 0, 0, 4, 2728.93
