# unix_time, cycles_done, cur_path, paths_total, pending_total, pending_favs, map_size, unique_crashes, unique_hangs, max_depth, execs_per_sec
1539299770, 0, 0, 6, 6, 5, 1.74%, 0, 0, 1, 2285.71
1539299775, 0, 0, 87, 87, 5, 1.93%, 0, 0, 2, 2525.78
1539299780, 0, 0, 326, 326, 5, 2.09%, 1, 0, 2, 2634.67
1539299785, 0, 0, 351, 351, 5, 2.11%, 1, 0, 2, 2631.21
1539299790, 0, 23, 354, 353, 65, 2.11%, 1, 0, 2, 2488.06
1539299795, 0, 26, 354, 352, 63, 2.11%, 1, 0, 2, 2440.10
1539299800, 0, 26, 368, 366, 63, 2.12%, 1, 0, 3, 2592.03
1539299805, 0, 26, 382, 380, 63, 2.13%, 2, 0, 3, 2528.18
1539299810, 0, 38, 387, 384, 73, 2.13%, 2, 0, 3, 2300.33
1539299820, 0, 39, 387, 383, 72, 2.13%, 2, 0, 3, 2225.18
1539299825, 0, 55, 387, 382, 71, 2.13%, 2, 0, 3, 2090.32
1539299831, 0, 62, 387, 381, 70, 2.13%, 2, 0, 3, 2076.14
1539299841, 0, 66, 387, 380, 69, 2.13%, 2, 0, 3, 2041.60
1539299846, 0, 69, 387, 379, 68, 2.13%, 2, 0, 3, 2215.81
1539299851, 0, 78, 388, 379, 67, 2.13%, 2, 0, 3, 2389.56
1539299856, 0, 84, 388, 378, 66, 2.13%, 2, 0, 3, 2540.90
1539299861, 0, 89, 388, 377, 65, 2.13%, 2, 0, 3, 2423.82
1539299871, 0, 91, 388, 376, 64, 2.13%, 2, 0, 3, 2202.49
1539299876, 0, 92, 388, 375, 62, 2.13%, 2, 0, 3, 2128.97
1539299881, 0, 103, 388, 374, 61, 2.13%, 2, 0, 3, 2213.88
1539299892, 0, 107, 388, 373, 60, 2.13%, 2, 0, 3, 2315.91
1539299897, 0, 114, 388, 372, 60, 2.13%, 2, 0, 3, 2437.44
1539299902, 0, 154, 389, 371, 58, 2.13%, 2, 0, 3, 2525.30
1539299912, 0, 162, 389, 369, 56, 2.13%, 2, 0, 3, 2491.17
1539299922, 0, 162, 397, 377, 56, 2.13%, 2, 0, 3, 2278.93
1539299927, 0, 162, 406, 386, 56, 2.14%, 4, 0, 3, 2625.85
1539299932, 0, 162, 414, 394, 56, 2.14%, 4, 0, 3, 2722.86
1539299937, 0, 170, 414, 392, 58, 2.14%, 4, 0, 3, 2864.23
1539299942, 0, 176, 414, 391, 57, 2.14%, 4, 0, 3, 2555.95
1539299952, 0, 176, 420, 397, 57, 2.14%, 5, 0, 3, 2741.49
1539299957, 0, 176, 425, 402, 57, 2.15%, 5, 0, 3, 2832.24
1539299962, 0, 181, 426, 402, 59, 2.15%, 5, 0, 3, 2878.67
1539299967, 0, 196, 427, 402, 58, 2.15%, 5, 0, 3, 2656.54
1539299972, 0, 207, 427, 401, 57, 2.15%, 5, 0, 3, 2775.76
1539299977, 0, 212, 427, 400, 56, 2.15%, 5, 0, 3, 2483.53
1539299983, 0, 214, 427, 399, 55, 2.15%, 5, 0, 3, 2281.03
1539299988, 0, 216, 427, 398, 54, 2.15%, 5, 0, 3, 2613.87
1539299993, 0, 217, 427, 397, 53, 2.15%, 5, 0, 3, 2691.92
1539299998, 0, 218, 427, 396, 52, 2.15%, 5, 0, 3, 2508.21
1539300003, 0, 224, 427, 395, 51, 2.15%, 5, 0, 3, 2401.25
1539300008, 0, 227, 427, 394, 50, 2.15%, 5, 0, 3, 2495.59
1539300018, 0, 235, 428, 394, 49, 2.15%, 5, 0, 3, 2797.73
1539300023, 0, 240, 428, 393, 49, 2.15%, 5, 0, 3, 2772.45
1539300028, 0, 240, 435, 400, 49, 2.15%, 5, 0, 3, 2676.23
1539300033, 0, 240, 439, 404, 49, 2.15%, 7, 0, 3, 2639.41
1539300038, 0, 243, 439, 403, 50, 2.15%, 7, 0, 3, 2453.56
1539300043, 0, 253, 440, 403, 49, 2.15%, 7, 0, 3, 2400.89
1539300048, 0, 260, 440, 402, 48, 2.15%, 7, 0, 3, 2363.80
1539300053, 0, 268, 441, 402, 47, 2.15%, 7, 0, 3, 2327.25
1539300064, 0, 272, 441, 401, 46, 2.15%, 7, 0, 3, 2448.76
1539300069, 0, 276, 441, 400, 45, 2.15%, 7, 0, 3, 2415.09
1539300074, 0, 279, 442, 400, 45, 2.16%, 7, 0, 3, 2409.99
1539300079, 0, 279, 443, 401, 45, 2.16%, 7, 0, 3, 2538.80
1539300084, 0, 291, 443, 400, 44, 2.16%, 7, 0, 3, 2570.50
1539300089, 0, 292, 444, 400, 43, 2.16%, 7, 0, 3, 2600.45
1539300094, 0, 293, 444, 399, 42, 2.16%, 7, 0, 3, 2577.65
1539300099, 0, 300, 444, 398, 41, 2.16%, 7, 0, 3, 2462.13
1539300109, 0, 302, 444, 397, 40, 2.16%, 7, 0, 3, 2185.89
1539300114, 0, 304, 445, 397, 40, 2.16%, 7, 0, 3, 2237.91
1539300125, 0, 309, 445, 396, 40, 2.16%, 7, 0, 3, 2360.07
1539300130, 0, 311, 446, 396, 39, 2.16%, 7, 0, 3, 2408.33
1539300140, 0, 318, 446, 395, 39, 2.16%, 8, 0, 3, 2396.37
1539300150, 0, 318, 450, 399, 39, 2.16%, 9, 0, 3, 2675.57
1539300155, 0, 319, 451, 399, 39, 2.16%, 9, 0, 3, 2598.64
1539300160, 0, 320, 451, 398, 38, 2.16%, 9, 0, 3, 2582.04
1539300165, 0, 323, 451, 397, 37, 2.16%, 9, 0, 3, 2681.42
1539300170, 0, 338, 451, 396, 36, 2.16%, 9, 0, 3, 2722.62
1539300175, 0, 338, 452, 397, 36, 2.16%, 9, 0, 3, 2728.64
1539300180, 0, 340, 452, 396, 35, 2.16%, 9, 0, 3, 2499.13
1539300185, 0, 341, 452, 395, 34, 2.16%, 9, 0, 3, 2556.56
1539300190, 0, 342, 452, 394, 33, 2.16%, 9, 0, 3, 2623.09
1539300201, 0, 343, 452, 393, 32, 2.16%, 9, 0, 3, 2534.10
1539300206, 0, 349, 452, 392, 31, 2.16%, 9, 0, 3, 2613.51
1539300211, 0, 360, 452, 391, 30, 2.16%, 9, 0, 3, 2598.87
1539300221, 0, 361, 452, 390, 29, 2.16%, 10, 0, 3, 2580.75
1539300226, 0, 362, 452, 389, 28, 2.16%, 10, 0, 3, 2684.05
1539300231, 0, 364, 452, 388, 27, 2.16%, 10, 0, 3, 2702.98
1539300236, 0, 368, 452, 387, 26, 2.16%, 10, 0, 3, 2626.31
1539300246, 0, 372, 452, 386, 25, 2.16%, 10, 0, 3, 2578.28
1539300251, 0, 374, 452, 385, 24, 2.16%, 10, 0, 3, 2468.96
1539300261, 0, 377, 452, 384, 23, 2.16%, 10, 0, 3, 2346.42
1539300266, 0, 382, 452, 383, 22, 2.16%, 10, 0, 3, 2256.56
1539300276, 0, 386, 452, 382, 21, 2.16%, 11, 0, 3, 2205.74
1539300287, 0, 398, 452, 381, 20, 2.16%, 11, 0, 3, 2274.68
1539300297, 0, 401, 452, 380, 19, 2.16%, 11, 0, 3, 2271.93
1539300302, 0, 407, 453, 380, 18, 2.16%, 11, 0, 4, 2348.80
1539300312, 0, 408, 453, 379, 17, 2.16%, 11, 0, 4, 2337.07
1539300322, 0, 416, 453, 378, 16, 2.16%, 11, 0, 4, 2526.84
1539300327, 0, 419, 453, 377, 15, 2.16%, 11, 0, 4, 2590.34
1539300332, 0, 420, 453, 376, 14, 2.16%, 11, 0, 4, 2573.48
1539300337, 0, 421, 453, 375, 13, 2.16%, 11, 0, 4, 2686.48
1539300342, 0, 422, 453, 374, 12, 2.16%, 11, 0, 4, 2738.31
1539300347, 0, 424, 453, 373, 11, 2.16%, 11, 0, 4, 2678.99
1539300357, 0, 427, 455, 374, 11, 2.17%, 11, 0, 4, 2450.46
1539300368, 0, 430, 455, 373, 11, 2.17%, 12, 0, 4, 2374.96
