# unix_time, cycles_done, cur_path, paths_total, pending_total, pending_favs, map_size, unique_crashes, unique_hangs, max_depth, execs_per_sec
1539305201, 0, 0, 6, 6, 5, 1.74%, 0, 0, 1, 2285.71
1539305206, 0, 0, 86, 86, 5, 1.93%, 0, 0, 2, 2417.25
1539305212, 0, 0, 308, 308, 5, 2.08%, 1, 0, 2, 2668.24
1539305217, 0, 0, 331, 331, 5, 2.09%, 1, 0, 2, 2723.36
1539305222, 0, 19, 331, 330, 59, 2.09%, 1, 0, 2, 2560.32
1539305227, 0, 26, 331, 329, 59, 2.09%, 1, 0, 2, 2417.30
1539305232, 0, 26, 343, 341, 59, 2.10%, 1, 0, 3, 2643.65
1539305237, 0, 26, 354, 352, 59, 2.10%, 1, 0, 3, 2617.39
1539305242, 0, 29, 358, 355, 66, 2.11%, 1, 0, 3, 2620.12
1539305247, 0, 34, 358, 354, 66, 2.11%, 1, 0, 3, 2574.86
1539305252, 0, 53, 358, 353, 65, 2.11%, 1, 0, 3, 2551.03
1539305257, 0, 53, 361, 356, 65, 2.11%, 1, 0, 3, 2862.32
1539305262, 0, 53, 365, 360, 65, 2.12%, 1, 0, 3, 2843.70
1539305267, 0, 53, 368, 363, 65, 2.13%, 1, 0, 3, 2801.67
1539305272, 0, 55, 368, 362, 67, 2.13%, 1, 0, 3, 2565.38
1539305277, 0, 69, 368, 361, 66, 2.13%, 1, 0, 3, 2824.17
1539305282, 0, 78, 368, 360, 66, 2.13%, 1, 0, 3, 2942.21
1539305287, 0, 89, 368, 359, 65, 2.13%, 1, 0, 3, 2692.85
1539305292, 0, 91, 369, 359, 64, 2.13%, 1, 0, 3, 2690.98
1539305297, 0, 92, 369, 358, 63, 2.13%, 1, 0, 3, 2661.86
1539305302, 0, 103, 369, 357, 62, 2.13%, 2, 0, 3, 2764.81
1539305307, 0, 106, 369, 356, 61, 2.13%, 2, 0, 3, 2864.39
1539305313, 0, 109, 369, 355, 60, 2.13%, 2, 0, 3, 2772.46
1539305318, 0, 110, 369, 354, 59, 2.13%, 2, 0, 3, 2982.80
1539305323, 0, 117, 369, 353, 58, 2.13%, 2, 0, 3, 2720.12
1539305328, 0, 128, 369, 351, 56, 2.13%, 2, 0, 3, 2955.45
1539305333, 0, 129, 369, 350, 55, 2.13%, 2, 0, 3, 2750.13
1539305343, 0, 147, 369, 348, 53, 2.13%, 2, 0, 3, 2809.90
1539305348, 0, 156, 369, 347, 52, 2.13%, 2, 0, 3, 2633.63
1539305353, 0, 161, 369, 346, 51, 2.13%, 2, 0, 3, 2621.52
1539305358, 0, 170, 369, 345, 50, 2.13%, 2, 0, 3, 2482.52
1539305363, 0, 184, 369, 344, 49, 2.13%, 2, 0, 3, 2529.74
1539305368, 0, 185, 369, 343, 48, 2.13%, 2, 0, 3, 2357.79
1539305373, 0, 194, 369, 342, 47, 2.13%, 2, 0, 3, 2593.23
1539305378, 0, 197, 369, 341, 46, 2.13%, 2, 0, 3, 2563.45
1539305384, 0, 204, 370, 341, 45, 2.13%, 2, 0, 3, 2726.23
1539305394, 0, 208, 371, 341, 45, 2.13%, 2, 0, 3, 2415.51
1539305399, 0, 208, 375, 345, 45, 2.14%, 2, 0, 3, 2592.63
1539305404, 0, 208, 380, 350, 45, 2.14%, 3, 0, 3, 2623.30
1539305409, 0, 208, 384, 354, 45, 2.14%, 3, 0, 3, 2758.44
1539305414, 0, 211, 384, 352, 47, 2.14%, 3, 0, 3, 2628.07
1539305419, 0, 214, 384, 351, 46, 2.14%, 3, 0, 3, 2626.69
1539305429, 0, 215, 384, 350, 45, 2.14%, 3, 0, 3, 2589.44
1539305434, 0, 217, 384, 349, 44, 2.14%, 3, 0, 3, 2430.23
1539305439, 0, 227, 384, 348, 43, 2.14%, 3, 0, 3, 2426.71
1539305444, 0, 238, 384, 347, 42, 2.14%, 3, 0, 3, 2550.36
1539305450, 0, 239, 384, 346, 41, 2.14%, 3, 0, 3, 2687.70
1539305455, 0, 245, 384, 345, 40, 2.14%, 3, 0, 3, 2713.12
1539305465, 0, 250, 384, 344, 39, 2.14%, 3, 0, 3, 2542.08
1539305470, 0, 254, 385, 344, 38, 2.14%, 3, 0, 3, 2532.43
1539305475, 0, 263, 385, 343, 37, 2.14%, 3, 0, 3, 2581.97
1539305480, 0, 265, 386, 343, 36, 2.14%, 3, 0, 3, 2603.96
1539305490, 0, 273, 387, 343, 35, 2.14%, 3, 0, 3, 2276.92
1539305495, 0, 283, 387, 342, 34, 2.14%, 3, 0, 3, 2304.36
1539305500, 0, 284, 387, 341, 33, 2.14%, 3, 0, 3, 2555.63
1539305510, 0, 294, 387, 340, 32, 2.14%, 3, 0, 3, 2430.00
1539305515, 0, 305, 387, 339, 31, 2.14%, 5, 0, 3, 2255.54
1539305526, 0, 307, 391, 342, 30, 2.15%, 5, 0, 3, 2516.35
1539305531, 0, 307, 393, 344, 30, 2.15%, 5, 0, 3, 2594.07
1539305536, 0, 308, 393, 343, 31, 2.15%, 5, 0, 3, 2312.94
1539305541, 0, 308, 399, 349, 31, 2.15%, 5, 0, 3, 2419.02
1539305546, 0, 308, 401, 351, 31, 2.15%, 5, 0, 3, 2516.34
1539305551, 0, 308, 406, 356, 31, 2.15%, 5, 0, 3, 2608.79
1539305556, 0, 318, 406, 354, 33, 2.15%, 5, 0, 3, 2847.06
1539305561, 0, 318, 406, 354, 33, 2.15%, 7, 0, 3, 2498.46
1539305566, 0, 320, 406, 353, 32, 2.15%, 7, 0, 3, 2377.42
1539305571, 0, 325, 406, 352, 31, 2.15%, 7, 0, 3, 2405.33
1539305576, 0, 325, 407, 353, 31, 2.15%, 7, 0, 3, 2406.97
1539305581, 0, 328, 408, 353, 30, 2.15%, 9, 0, 3, 2415.47
1539305587, 0, 337, 408, 352, 29, 2.15%, 10, 0, 3, 2338.53
1539305592, 0, 340, 408, 351, 28, 2.15%, 10, 0, 3, 2350.13
1539305602, 0, 342, 409, 351, 27, 2.15%, 11, 0, 4, 2422.19
1539305607, 0, 343, 410, 351, 26, 2.15%, 12, 0, 4, 2516.90
1539305617, 0, 344, 410, 350, 25, 2.15%, 12, 0, 4, 2462.07
1539305622, 0, 346, 410, 349, 24, 2.15%, 12, 0, 4, 2639.36
1539305627, 0, 348, 410, 348, 23, 2.15%, 12, 0, 4, 2271.59
1539305632, 0, 350, 410, 347, 22, 2.15%, 12, 0, 4, 2422.17
1539305642, 0, 352, 410, 346, 21, 2.15%, 12, 0, 4, 2447.85
1539305647, 0, 355, 411, 346, 20, 2.15%, 12, 0, 4, 2479.54
1539305652, 0, 355, 411, 346, 20, 2.15%, 14, 0, 4, 2458.84
1539305657, 0, 356, 411, 345, 19, 2.15%, 14, 0, 4, 2348.07
1539305663, 0, 360, 411, 344, 18, 2.15%, 14, 0, 4, 2409.65
1539305673, 0, 361, 411, 343, 17, 2.15%, 15, 0, 4, 2470.02
1539305678, 0, 362, 411, 342, 16, 2.15%, 15, 0, 4, 2464.85
1539305683, 0, 362, 412, 343, 16, 2.15%, 15, 0, 4, 2408.35
1539305688, 0, 365, 412, 342, 16, 2.15%, 15, 0, 4, 2473.00
1539305693, 0, 365, 414, 344, 16, 2.16%, 15, 0, 4, 2525.97
1539305698, 0, 366, 416, 345, 17, 2.16%, 15, 0, 4, 2490.97
1539305703, 0, 366, 420, 349, 17, 2.16%, 16, 0, 4, 2620.74
1539305709, 0, 366, 424, 353, 17, 2.16%, 16, 0, 4, 2710.89
1539305714, 0, 370, 425, 353, 20, 2.16%, 16, 0, 4, 2710.65
1539305724, 0, 371, 425, 352, 19, 2.16%, 16, 0, 4, 2600.86
1539305729, 0, 374, 425, 351, 18, 2.16%, 16, 0, 4, 2558.52
1539305739, 0, 377, 425, 350, 17, 2.16%, 16, 0, 4, 2573.41
1539305744, 0, 378, 425, 349, 16, 2.16%, 16, 0, 4, 2733.52
1539305749, 0, 387, 425, 348, 15, 2.16%, 16, 0, 4, 2676.88
1539305754, 0, 391, 425, 347, 14, 2.16%, 16, 0, 4, 2669.71
1539305759, 0, 393, 425, 346, 13, 2.16%, 16, 0, 4, 2619.10
1539305770, 0, 394, 425, 345, 12, 2.16%, 16, 0, 4, 251.00
1539305775, 0, 400, 425, 344, 11, 2.16%, 16, 0, 4, 2607.12
1539305785, 0, 402, 425, 343, 10, 2.16%, 16, 0, 4, 2603.07
1539305790, 0, 411, 425, 342, 9, 2.16%, 17, 0, 4, 2667.77
1539305795, 0, 412, 425, 341, 8, 2.16%, 17, 0, 4, 2716.90
