# unix_time, cycles_done, cur_path, paths_total, pending_total, pending_favs, map_size, unique_crashes, unique_hangs, max_depth, execs_per_sec
1539328741, 0, 0, 6, 6, 5, 1.74%, 0, 0, 1, 2666.67
1539328746, 0, 0, 104, 104, 5, 1.98%, 0, 0, 2, 2768.17
1539328751, 0, 0, 327, 327, 5, 2.09%, 0, 0, 2, 3001.58
1539328756, 0, 23, 349, 348, 69, 2.10%, 0, 0, 2, 3002.11
1539328761, 0, 23, 356, 355, 69, 2.10%, 0, 0, 3, 3046.82
1539328766, 0, 23, 365, 364, 69, 2.11%, 0, 0, 3, 3160.89
1539328772, 0, 26, 366, 364, 71, 2.11%, 0, 0, 3, 2982.38
1539328777, 0, 31, 368, 365, 70, 2.11%, 0, 0, 3, 3004.48
1539328782, 0, 39, 368, 364, 69, 2.11%, 0, 0, 3, 2960.65
1539328787, 0, 46, 370, 365, 68, 2.11%, 0, 0, 3, 3066.74
1539328792, 0, 53, 371, 365, 68, 2.11%, 0, 0, 3, 3136.98
1539328797, 0, 55, 371, 364, 67, 2.11%, 0, 0, 3, 3085.40
1539328802, 0, 66, 371, 363, 66, 2.11%, 0, 0, 3, 2885.29
1539328807, 0, 69, 371, 362, 65, 2.11%, 0, 0, 3, 2946.69
1539328812, 0, 75, 371, 361, 64, 2.11%, 0, 0, 3, 3093.86
1539328817, 0, 78, 372, 361, 63, 2.12%, 0, 0, 3, 3135.39
1539328822, 0, 91, 372, 360, 62, 2.12%, 0, 0, 3, 2937.28
1539328827, 0, 91, 375, 363, 62, 2.12%, 0, 0, 3, 3012.92
1539328832, 0, 98, 375, 362, 60, 2.12%, 0, 0, 3, 2815.32
1539328837, 0, 103, 375, 361, 59, 2.12%, 0, 0, 3, 3011.61
1539328843, 0, 114, 376, 361, 58, 2.12%, 0, 0, 3, 2883.29
1539328848, 0, 114, 382, 367, 58, 2.12%, 0, 0, 3, 3030.84
1539328853, 0, 114, 389, 374, 58, 2.13%, 0, 0, 3, 3101.25
1539328858, 0, 115, 389, 373, 61, 2.13%, 0, 0, 3, 2936.57
1539328863, 0, 115, 397, 381, 61, 2.13%, 0, 0, 3, 3018.49
1539328868, 0, 115, 400, 384, 61, 2.13%, 0, 0, 3, 3097.48
1539328873, 0, 125, 405, 387, 60, 2.14%, 0, 0, 3, 3231.28
1539328878, 0, 171, 405, 386, 59, 2.14%, 0, 0, 3, 2905.64
1539328883, 0, 175, 405, 385, 58, 2.14%, 0, 0, 3, 2811.80
1539328894, 0, 178, 405, 384, 57, 2.14%, 0, 0, 3, 2753.16
1539328899, 0, 182, 407, 384, 55, 2.14%, 0, 0, 3, 3111.44
1539328909, 0, 185, 407, 382, 53, 2.14%, 0, 0, 3, 3107.41
1539328919, 0, 192, 407, 380, 51, 2.14%, 0, 0, 3, 3101.05
1539328924, 0, 193, 407, 379, 50, 2.14%, 0, 0, 3, 2970.68
1539328929, 0, 207, 408, 379, 49, 2.14%, 0, 0, 3, 2896.01
1539328934, 0, 220, 409, 379, 49, 2.14%, 0, 0, 3, 2912.89
1539328939, 0, 241, 409, 377, 47, 2.14%, 0, 0, 3, 2962.51
1539328949, 0, 249, 410, 377, 47, 2.15%, 0, 0, 3, 2834.60
1539328954, 0, 254, 411, 377, 46, 2.15%, 0, 0, 3, 2839.83
1539328960, 0, 255, 411, 376, 45, 2.15%, 0, 0, 3, 3109.07
1539328965, 0, 269, 411, 375, 44, 2.15%, 0, 0, 3, 2905.50
1539328970, 0, 270, 411, 374, 43, 2.15%, 0, 0, 3, 3107.95
1539328975, 0, 276, 411, 373, 42, 2.15%, 0, 0, 3, 2787.52
1539328980, 0, 282, 411, 372, 41, 2.15%, 0, 0, 3, 2795.64
1539328985, 0, 289, 411, 371, 40, 2.15%, 0, 0, 3, 2885.32
1539328990, 0, 298, 411, 370, 39, 2.15%, 0, 0, 3, 2854.73
1539328995, 0, 305, 411, 369, 38, 2.15%, 0, 0, 3, 2781.22
1539329000, 0, 314, 412, 369, 38, 2.15%, 0, 0, 3, 2763.32
1539329011, 0, 318, 412, 368, 37, 2.15%, 0, 0, 3, 2665.33
1539329016, 0, 324, 413, 368, 36, 2.15%, 0, 0, 3, 2692.67
1539329021, 0, 326, 413, 367, 35, 2.15%, 0, 0, 3, 2788.51
1539329026, 0, 328, 415, 368, 35, 2.15%, 0, 0, 3, 2803.54
1539329031, 0, 328, 416, 369, 35, 2.15%, 0, 0, 3, 2698.85
1539329036, 0, 329, 419, 371, 35, 2.15%, 0, 0, 3, 2836.49
1539329041, 0, 329, 423, 375, 35, 2.15%, 0, 0, 3, 3083.41
1539329046, 0, 329, 425, 377, 35, 2.15%, 0, 0, 3, 3087.28
1539329051, 0, 331, 426, 377, 36, 2.15%, 0, 0, 3, 3027.66
1539329057, 0, 334, 426, 376, 35, 2.15%, 0, 0, 3, 2664.99
1539329067, 0, 335, 428, 377, 34, 2.15%, 0, 0, 3, 2636.91
1539329072, 0, 338, 429, 377, 32, 2.15%, 0, 0, 3, 2745.55
1539329077, 0, 339, 429, 376, 31, 2.15%, 0, 0, 3, 2871.32
1539329082, 0, 346, 430, 376, 30, 2.15%, 0, 0, 3, 2825.06
1539329087, 0, 346, 431, 377, 30, 2.15%, 0, 0, 3, 2685.20
1539329092, 0, 351, 432, 377, 29, 2.15%, 0, 0, 3, 2792.84
1539329097, 0, 354, 432, 376, 28, 2.15%, 0, 0, 3, 2758.54
1539329102, 0, 359, 434, 377, 27, 2.16%, 0, 0, 4, 2718.03
1539329107, 0, 360, 434, 376, 27, 2.16%, 0, 0, 4, 2696.70
1539329113, 0, 363, 435, 376, 26, 2.16%, 0, 0, 4, 2655.86
1539329118, 0, 364, 436, 376, 25, 2.16%, 0, 0, 4, 2697.52
1539329123, 0, 364, 437, 377, 25, 2.16%, 0, 0, 4, 2678.99
1539329128, 0, 365, 438, 377, 24, 2.16%, 0, 0, 4, 2740.53
1539329133, 0, 370, 438, 376, 24, 2.16%, 0, 0, 4, 2833.27
1539329138, 0, 373, 438, 375, 23, 2.16%, 0, 0, 4, 2902.42
1539329143, 0, 375, 438, 374, 22, 2.16%, 0, 0, 4, 2776.56
1539329148, 0, 376, 438, 373, 21, 2.16%, 0, 0, 4, 2684.58
1539329158, 0, 382, 438, 372, 20, 2.16%, 0, 0, 4, 2721.85
1539329163, 0, 384, 438, 371, 19, 2.16%, 0, 0, 4, 2691.55
1539329168, 0, 389, 438, 370, 18, 2.16%, 0, 0, 4, 2687.41
1539329179, 0, 390, 440, 371, 17, 2.16%, 0, 0, 4, 2699.67
1539329184, 0, 396, 440, 370, 16, 2.16%, 0, 0, 4, 2659.95
1539329194, 0, 400, 440, 369, 15, 2.16%, 0, 0, 4, 2901.45
1539329199, 0, 401, 441, 369, 14, 2.16%, 0, 0, 4, 2808.31
1539329204, 0, 403, 441, 368, 13, 2.16%, 0, 0, 4, 2661.57
1539329214, 0, 408, 441, 367, 12, 2.16%, 0, 0, 4, 2694.28
1539329219, 0, 409, 441, 366, 11, 2.16%, 0, 0, 4, 2605.16
1539329224, 0, 411, 441, 365, 10, 2.16%, 0, 0, 4, 2793.93
1539329229, 0, 412, 441, 364, 9, 2.16%, 0, 0, 4, 2805.67
1539329234, 0, 413, 442, 364, 8, 2.16%, 0, 0, 4, 2874.79
1539329239, 0, 416, 442, 363, 8, 2.16%, 0, 0, 4, 2855.11
1539329250, 0, 416, 447, 368, 8, 2.16%, 0, 0, 4, 2775.46
1539329255, 0, 416, 448, 369, 8, 2.16%, 0, 0, 4, 2801.61
1539329260, 0, 423, 449, 369, 9, 2.16%, 0, 0, 4, 2799.69
1539329270, 0, 425, 449, 368, 8, 2.16%, 0, 0, 4, 2731.38
1539329275, 0, 426, 449, 367, 7, 2.16%, 0, 0, 4, 2728.47
1539329280, 0, 428, 450, 367, 6, 2.17%, 0, 0, 4, 2767.52
1539329285, 0, 433, 450, 366, 6, 2.17%, 0, 0, 4, 2780.80
1539329290, 0, 437, 450, 365, 5, 2.17%, 0, 0, 4, 2748.15
1539329300, 0, 441, 450, 364, 4, 2.17%, 0, 0, 4, 2909.04
1539329306, 0, 442, 450, 363, 3, 2.17%, 0, 0, 4, 2854.34
1539329316, 0, 446, 450, 362, 2, 2.17%, 0, 0, 4, 2764.69
1539329321, 0, 449, 450, 361, 1, 2.17%, 0, 0, 4, 2789.81
1539329331, 1, 9, 450, 359, 0, 2.17%, 0, 0, 4, 2792.94
