# unix_time, cycles_done, cur_path, paths_total, pending_total, pending_favs, map_size, unique_crashes, unique_hangs, max_depth, execs_per_sec
1539326328, 0, 0, 6, 6, 6, 1.19%, 0, 0, 1, 2666.67
1539326333, 0, 0, 132, 132, 6, 1.33%, 0, 0, 2, 3029.14
1539326338, 0, 0, 203, 203, 6, 1.36%, 0, 0, 2, 3079.38
1539326343, 0, 0, 219, 219, 6, 1.37%, 0, 0, 2, 3163.33
1539326349, 0, 27, 221, 220, 35, 1.37%, 0, 0, 3, 3113.08
1539326354, 0, 56, 221, 219, 34, 1.37%, 0, 0, 3, 3162.00
1539326359, 0, 56, 230, 228, 34, 1.39%, 0, 0, 3, 3101.55
1539326364, 0, 56, 238, 236, 34, 1.41%, 0, 0, 3, 2941.07
1539326369, 0, 66, 240, 237, 32, 1.41%, 0, 0, 3, 2898.11
1539326374, 0, 90, 240, 235, 30, 1.41%, 0, 0, 3, 3009.91
1539326379, 0, 98, 240, 234, 29, 1.41%, 0, 0, 3, 2958.85
1539326384, 0, 100, 242, 235, 28, 1.41%, 0, 0, 3, 2995.22
1539326394, 0, 100, 252, 245, 28, 1.41%, 0, 0, 3, 2923.05
1539326399, 0, 100, 260, 253, 28, 1.41%, 0, 0, 3, 2953.01
1539326405, 0, 101, 264, 256, 30, 1.42%, 0, 0, 3, 3063.51
1539326410, 0, 104, 264, 255, 29, 1.42%, 0, 0, 3, 3183.71
1539326415, 0, 107, 264, 254, 28, 1.42%, 0, 0, 3, 3230.58
1539326420, 0, 117, 264, 253, 27, 1.42%, 0, 0, 3, 2925.16
1539326425, 0, 117, 267, 256, 27, 1.42%, 0, 0, 3, 2714.73
1539326430, 0, 127, 267, 255, 27, 1.42%, 0, 0, 3, 2598.19
1539326435, 0, 128, 267, 254, 26, 1.42%, 0, 0, 3, 2733.50
1539326440, 0, 129, 268, 254, 25, 1.42%, 0, 0, 3, 2610.85
1539326450, 0, 130, 268, 253, 24, 1.42%, 0, 0, 3, 2877.68
1539326455, 0, 143, 268, 252, 23, 1.42%, 0, 0, 3, 2758.60
1539326460, 0, 149, 268, 251, 22, 1.42%, 0, 0, 3, 2781.43
1539326466, 0, 162, 269, 251, 21, 1.42%, 0, 0, 3, 2733.44
1539326471, 0, 167, 269, 250, 20, 1.42%, 0, 0, 3, 2948.90
1539326476, 0, 175, 269, 249, 19, 1.42%, 0, 0, 3, 2821.36
1539326486, 0, 180, 269, 248, 19, 1.42%, 0, 0, 3, 2667.89
1539326491, 0, 182, 269, 247, 18, 1.42%, 0, 0, 3, 2637.33
1539326496, 0, 188, 269, 246, 17, 1.42%, 0, 0, 3, 2721.21
1539326506, 0, 191, 269, 245, 16, 1.42%, 0, 0, 3, 2684.10
1539326511, 0, 191, 272, 248, 16, 1.42%, 0, 0, 3, 2793.31
1539326516, 0, 191, 276, 252, 16, 1.43%, 0, 0, 3, 2726.03
1539326527, 0, 193, 276, 251, 18, 1.43%, 0, 0, 3, 2854.11
1539326532, 0, 195, 276, 250, 17, 1.43%, 0, 0, 3, 2724.23
1539326537, 0, 203, 277, 250, 16, 1.43%, 0, 0, 3, 2728.05
1539326542, 0, 205, 277, 249, 15, 1.43%, 0, 0, 3, 2902.06
1539326552, 0, 210, 278, 249, 14, 1.43%, 0, 0, 3, 2879.12
1539326557, 0, 216, 279, 249, 13, 1.43%, 0, 0, 3, 2828.89
1539326567, 0, 216, 295, 265, 13, 1.49%, 0, 0, 3, 2771.58
1539326572, 0, 216, 300, 270, 13, 1.50%, 0, 0, 3, 2786.45
1539326577, 0, 217, 305, 274, 27, 1.50%, 0, 0, 3, 2867.00
1539326582, 0, 226, 305, 273, 26, 1.50%, 0, 0, 3, 2780.55
1539326592, 0, 226, 310, 278, 26, 1.55%, 0, 0, 4, 2681.92
1539326598, 0, 226, 314, 282, 26, 1.55%, 0, 0, 4, 2598.03
1539326603, 0, 236, 316, 283, 31, 1.55%, 0, 0, 4, 2592.81
1539326613, 0, 237, 316, 282, 30, 1.55%, 0, 0, 4, 2695.41
1539326618, 0, 242, 317, 282, 30, 1.56%, 0, 0, 4, 2748.67
1539326623, 0, 246, 317, 281, 29, 1.56%, 0, 0, 4, 2741.62
1539326638, 0, 261, 317, 280, 28, 1.56%, 0, 0, 4, 2689.73
1539326643, 0, 269, 317, 279, 27, 1.56%, 0, 0, 4, 2718.70
1539326653, 0, 272, 319, 280, 26, 1.57%, 0, 0, 4, 2670.88
1539326664, 0, 274, 319, 279, 27, 1.57%, 0, 0, 4, 2606.61
1539326669, 0, 274, 320, 280, 27, 1.58%, 0, 0, 4, 2608.46
1539326674, 0, 280, 320, 279, 27, 1.58%, 0, 0, 4, 2630.77
1539326679, 0, 284, 324, 282, 26, 1.58%, 0, 0, 4, 2637.73
1539326684, 0, 285, 330, 287, 34, 1.59%, 0, 0, 4, 2663.12
1539326689, 0, 285, 333, 290, 34, 1.60%, 0, 0, 4, 2640.75
1539326694, 0, 288, 335, 291, 37, 1.60%, 0, 0, 4, 2660.42
1539326699, 0, 289, 337, 292, 37, 1.62%, 0, 0, 4, 2668.17
1539326710, 0, 290, 338, 292, 36, 1.62%, 0, 0, 4, 2636.96
1539326715, 0, 291, 338, 291, 35, 1.62%, 0, 0, 4, 2663.35
1539326725, 0, 293, 340, 292, 34, 1.63%, 0, 0, 4, 2649.08
1539326730, 0, 296, 342, 293, 36, 1.76%, 0, 0, 4, 2641.37
1539326735, 0, 297, 342, 292, 35, 1.76%, 0, 0, 4, 2653.89
1539326745, 0, 299, 342, 291, 34, 1.76%, 0, 0, 4, 2648.15
1539326750, 0, 300, 342, 290, 33, 1.76%, 0, 0, 4, 2733.29
1539326755, 0, 303, 342, 289, 32, 1.76%, 0, 0, 4, 2858.03
1539326760, 0, 303, 343, 290, 32, 1.77%, 0, 0, 4, 2932.42
1539326766, 0, 304, 346, 292, 35, 1.77%, 0, 0, 4, 2995.63
1539326771, 0, 305, 346, 291, 34, 1.77%, 0, 0, 4, 2888.26
1539326781, 0, 306, 353, 297, 33, 1.80%, 0, 0, 5, 2884.97
1539326786, 0, 306, 354, 298, 33, 1.80%, 0, 0, 5, 2822.40
1539326791, 0, 307, 354, 297, 40, 1.80%, 0, 0, 5, 2717.84
1539326801, 0, 307, 359, 302, 40, 1.88%, 0, 0, 5, 2967.39
1539326806, 0, 307, 361, 304, 40, 1.88%, 0, 0, 5, 3018.58
1539326812, 0, 308, 361, 303, 40, 1.88%, 0, 0, 5, 2937.90
1539326817, 0, 308, 363, 305, 40, 1.88%, 0, 0, 5, 2804.03
1539326822, 0, 310, 364, 305, 38, 1.88%, 0, 0, 5, 2938.24
1539326827, 0, 316, 368, 308, 38, 1.88%, 0, 0, 5, 3030.74
1539326832, 0, 316, 375, 315, 38, 1.90%, 0, 0, 5, 3067.93
1539326837, 0, 316, 376, 316, 38, 1.90%, 0, 0, 5, 3167.30
1539326842, 0, 317, 381, 320, 41, 1.90%, 0, 0, 5, 3075.72
1539326853, 0, 318, 382, 320, 40, 1.90%, 0, 0, 5, 2853.22
1539326863, 0, 319, 382, 319, 39, 1.90%, 0, 0, 5, 2975.63
1539326873, 0, 321, 382, 318, 38, 1.90%, 0, 0, 5, 2967.12
1539326878, 0, 322, 382, 317, 37, 1.90%, 0, 0, 5, 2956.87
1539326883, 0, 323, 382, 316, 36, 1.90%, 0, 0, 5, 2961.41
1539326893, 0, 324, 385, 318, 36, 1.90%, 0, 0, 5, 3018.32
1539326904, 0, 325, 385, 317, 35, 1.90%, 0, 0, 5, 2905.24
1539326909, 0, 326, 387, 318, 34, 1.90%, 0, 0, 5, 2957.36
1539326914, 0, 327, 387, 317, 33, 1.90%, 0, 0, 5, 2969.12
1539326924, 0, 328, 387, 316, 32, 1.90%, 0, 0, 5, 2927.61
