# unix_time, cycles_done, cur_path, paths_total, pending_total, pending_favs, map_size, unique_crashes, unique_hangs, max_depth, execs_per_sec
1539302788, 0, 0, 6, 6, 6, 1.19%, 0, 0, 1, 2400.00
1539302793, 0, 0, 68, 68, 6, 1.31%, 0, 0, 2, 2816.19
1539302798, 0, 0, 211, 211, 6, 1.37%, 0, 0, 2, 2896.14
1539302803, 0, 0, 218, 218, 6, 1.37%, 0, 0, 2, 2937.17
1539302808, 0, 1, 221, 220, 32, 1.37%, 0, 0, 2, 2715.91
1539302813, 0, 1, 232, 231, 32, 1.37%, 0, 0, 2, 2689.95
1539302818, 0, 1, 236, 235, 32, 1.37%, 0, 0, 2, 2728.80
1539302823, 0, 7, 244, 242, 33, 1.40%, 0, 0, 2, 2745.91
1539302833, 0, 27, 244, 241, 32, 1.40%, 0, 0, 2, 2856.99
1539302839, 0, 56, 244, 240, 31, 1.40%, 0, 0, 2, 2889.05
1539302844, 0, 62, 244, 239, 30, 1.40%, 0, 0, 2, 2922.70
1539302849, 0, 64, 244, 238, 29, 1.40%, 0, 0, 2, 2877.05
1539302854, 0, 82, 244, 236, 27, 1.40%, 0, 0, 2, 2944.12
1539302859, 0, 88, 244, 235, 26, 1.40%, 0, 0, 2, 2934.25
1539302864, 0, 89, 244, 234, 25, 1.40%, 0, 0, 2, 3031.88
1539302869, 0, 91, 244, 233, 24, 1.40%, 0, 0, 2, 3161.60
1539302874, 0, 102, 245, 233, 25, 1.41%, 0, 0, 3, 2952.20
1539302879, 0, 114, 247, 234, 24, 1.41%, 0, 0, 3, 2928.40
1539302889, 0, 121, 248, 234, 23, 1.41%, 0, 0, 3, 2861.74
1539302894, 0, 123, 248, 233, 22, 1.41%, 0, 0, 3, 2869.00
1539302905, 0, 130, 248, 232, 21, 1.41%, 0, 0, 3, 3050.86
1539302910, 0, 131, 248, 231, 20, 1.41%, 0, 0, 3, 2868.70
1539302915, 0, 135, 248, 230, 19, 1.41%, 0, 0, 3, 2812.65
1539302920, 0, 138, 249, 230, 19, 1.41%, 0, 0, 3, 2907.22
1539302925, 0, 145, 249, 229, 18, 1.41%, 0, 0, 3, 2837.92
1539302930, 0, 145, 251, 231, 18, 1.41%, 0, 0, 3, 2793.07
1539302935, 0, 145, 254, 234, 18, 1.41%, 0, 0, 3, 2812.17
1539302940, 0, 145, 258, 238, 18, 1.41%, 0, 0, 3, 2813.99
1539302945, 0, 150, 260, 239, 18, 1.41%, 0, 0, 3, 2878.55
1539302950, 0, 160, 261, 239, 17, 1.41%, 0, 0, 3, 2723.23
1539302956, 0, 167, 261, 238, 16, 1.41%, 0, 0, 3, 2702.32
1539302961, 0, 174, 261, 237, 15, 1.41%, 0, 0, 3, 2838.40
1539302966, 0, 184, 261, 236, 14, 1.41%, 0, 0, 3, 2826.80
1539302976, 0, 185, 261, 235, 13, 1.41%, 0, 0, 3, 2713.02
1539302986, 0, 198, 261, 234, 12, 1.41%, 0, 0, 3, 2830.56
1539302991, 0, 204, 261, 233, 11, 1.41%, 0, 0, 3, 2670.38
1539302996, 0, 222, 263, 234, 11, 1.41%, 0, 0, 3, 2702.63
1539303001, 0, 222, 264, 235, 11, 1.41%, 0, 0, 3, 2633.48
1539303006, 0, 236, 271, 241, 10, 1.43%, 0, 0, 3, 2636.81
1539303012, 0, 238, 273, 242, 14, 1.44%, 0, 0, 3, 2617.58
1539303017, 0, 244, 280, 248, 13, 1.48%, 0, 0, 4, 2730.04
1539303022, 0, 244, 289, 257, 13, 1.71%, 0, 0, 4, 2705.51
1539303027, 0, 244, 318, 286, 13, 1.81%, 0, 0, 4, 2622.52
1539303032, 0, 244, 341, 309, 13, 1.92%, 0, 0, 4, 2438.19
1539303037, 0, 244, 350, 318, 13, 1.93%, 0, 0, 4, 2730.45
1539303042, 0, 245, 350, 317, 39, 1.93%, 0, 0, 4, 2620.36
1539303047, 0, 248, 350, 316, 38, 1.93%, 0, 0, 4, 2796.17
1539303052, 0, 255, 350, 315, 37, 1.93%, 0, 0, 4, 2896.85
1539303058, 0, 256, 350, 314, 36, 1.93%, 0, 0, 4, 2848.31
1539303068, 0, 262, 350, 313, 35, 1.93%, 0, 0, 4, 2436.25
1539303078, 0, 267, 350, 312, 34, 1.93%, 0, 0, 4, 2493.08
1539303083, 0, 267, 351, 313, 34, 1.93%, 0, 0, 4, 2606.28
1539303088, 0, 268, 351, 312, 34, 1.93%, 0, 0, 4, 2808.31
1539303093, 0, 269, 353, 313, 34, 1.94%, 0, 0, 4, 2844.62
1539303103, 0, 271, 353, 312, 33, 1.94%, 0, 0, 4, 2837.93
1539303108, 0, 272, 353, 311, 32, 1.94%, 0, 0, 4, 2882.64
1539303118, 0, 273, 353, 310, 31, 1.94%, 0, 0, 4, 2876.92
1539303123, 0, 274, 355, 311, 30, 1.95%, 0, 0, 5, 2887.20
1539303134, 0, 275, 355, 310, 31, 1.95%, 0, 0, 5, 2850.09
1539303139, 0, 275, 358, 313, 31, 1.98%, 0, 0, 5, 2843.09
1539303144, 0, 275, 363, 318, 31, 1.99%, 0, 0, 5, 2918.35
1539303149, 0, 276, 364, 318, 32, 1.99%, 0, 0, 5, 2894.43
1539303159, 0, 277, 365, 318, 31, 1.99%, 0, 0, 5, 2802.33
1539303169, 0, 278, 365, 317, 30, 1.99%, 0, 0, 5, 2778.43
1539303174, 0, 279, 366, 317, 31, 1.99%, 0, 0, 5, 2844.30
1539303184, 0, 280, 367, 317, 30, 1.99%, 0, 0, 5, 2795.64
1539303194, 0, 280, 373, 323, 30, 1.99%, 0, 0, 5, 2892.86
1539303199, 0, 280, 381, 331, 30, 1.99%, 0, 0, 5, 2917.33
1539303205, 0, 286, 382, 331, 29, 1.99%, 0, 0, 5, 2776.41
1539303210, 0, 296, 382, 330, 28, 1.99%, 0, 0, 5, 2842.31
1539303220, 0, 299, 384, 331, 27, 1.99%, 0, 0, 5, 2854.65
1539303225, 0, 307, 386, 332, 27, 2.00%, 0, 0, 5, 2819.57
1539303235, 0, 311, 387, 332, 27, 2.00%, 0, 0, 5, 2746.52
1539303240, 0, 311, 390, 335, 27, 2.01%, 0, 0, 5, 2809.47
1539303245, 0, 311, 395, 340, 27, 2.01%, 0, 0, 5, 2911.11
1539303251, 0, 315, 400, 344, 29, 2.01%, 0, 0, 5, 2912.12
1539303261, 0, 316, 400, 343, 29, 2.01%, 0, 0, 5, 2798.07
1539303266, 0, 316, 402, 345, 29, 2.02%, 0, 0, 5, 2830.93
1539303271, 0, 326, 403, 345, 29, 2.02%, 0, 0, 5, 2748.16
1539303276, 0, 331, 406, 347, 28, 2.02%, 0, 0, 5, 2596.39
1539303286, 0, 331, 417, 358, 28, 2.02%, 0, 0, 5, 2672.74
1539303291, 0, 331, 420, 361, 28, 2.02%, 0, 0, 5, 2726.62
1539303296, 0, 339, 423, 363, 28, 2.02%, 0, 0, 5, 2746.18
1539303306, 0, 339, 430, 370, 28, 2.03%, 0, 0, 5, 2851.49
1539303311, 0, 339, 433, 373, 28, 2.03%, 0, 0, 5, 2929.90
1539303316, 0, 340, 435, 374, 31, 2.03%, 0, 0, 5, 2817.29
1539303326, 0, 344, 436, 374, 30, 2.03%, 0, 0, 5, 2615.38
1539303331, 0, 344, 438, 376, 30, 2.03%, 0, 0, 5, 2673.16
1539303336, 0, 344, 441, 379, 30, 2.03%, 0, 0, 5, 2822.06
1539303341, 0, 345, 443, 380, 33, 2.03%, 0, 0, 5, 2861.93
1539303347, 0, 345, 444, 381, 33, 2.03%, 0, 0, 5, 2890.32
1539303352, 0, 345, 450, 387, 33, 2.04%, 0, 0, 5, 2914.84
1539303357, 0, 345, 452, 389, 33, 2.04%, 0, 0, 5, 2762.03
1539303362, 0, 350, 454, 390, 35, 2.05%, 0, 0, 5, 2653.54
1539303372, 0, 351, 454, 389, 34, 2.05%, 0, 0, 5, 2840.64
1539303377, 0, 353, 454, 388, 33, 2.05%, 0, 0, 5, 2859.39
1539303387, 0, 355, 456, 389, 32, 2.05%, 0, 0, 6, 2707.97
