# unix_time, cycles_done, cur_path, paths_total, pending_total, pending_favs, map_size, unique_crashes, unique_hangs, max_depth, execs_per_sec
1539313048, 0, 0, 6, 6, 5, 1.50%, 0, 0, 1, 2526.32
1539313053, 0, 0, 116, 116, 5, 1.88%, 12, 0, 2, 3009.91
1539313058, 0, 0, 121, 121, 5, 1.88%, 12, 0, 2, 3097.90
1539313064, 0, 3, 121, 119, 26, 1.88%, 14, 0, 2, 3092.13
1539313069, 0, 31, 121, 115, 22, 1.88%, 14, 0, 2, 3078.61
1539313074, 0, 50, 121, 112, 19, 1.88%, 14, 0, 2, 2998.74
1539313079, 0, 65, 121, 109, 16, 1.88%, 14, 0, 2, 3000.90
1539313084, 0, 74, 121, 106, 13, 1.88%, 14, 0, 2, 2990.90
1539313089, 0, 77, 121, 104, 11, 1.88%, 14, 0, 2, 3033.96
1539313094, 0, 86, 121, 101, 9, 1.88%, 14, 0, 2, 3058.71
1539313099, 0, 103, 121, 98, 6, 1.88%, 14, 0, 2, 3088.14
1539313104, 0, 118, 121, 95, 3, 1.88%, 14, 0, 2, 3073.00
1539313109, 0, 120, 121, 93, 1, 1.88%, 14, 0, 2, 3041.09
1539313114, 1, 16, 121, 90, 0, 1.88%, 14, 0, 2, 2998.80
1539313119, 1, 34, 121, 87, 0, 1.88%, 14, 0, 2, 3016.87
1539313124, 1, 58, 121, 84, 0, 1.88%, 14, 0, 2, 2905.61
1539313129, 1, 62, 121, 82, 0, 1.88%, 14, 0, 2, 2933.85
1539313134, 1, 91, 121, 79, 0, 1.88%, 14, 0, 2, 2996.93
1539313140, 1, 101, 121, 76, 0, 1.88%, 14, 0, 2, 2962.00
1539313145, 1, 106, 122, 75, 0, 1.88%, 14, 0, 3, 2939.34
1539313150, 1, 113, 122, 72, 0, 1.88%, 14, 0, 3, 2881.40
1539313155, 2, 3, 122, 70, 0, 1.88%, 14, 0, 3, 2918.77
1539313160, 2, 18, 122, 67, 0, 1.88%, 14, 0, 3, 2923.62
1539313165, 2, 25, 122, 65, 0, 1.88%, 14, 0, 3, 2993.05
1539313170, 2, 51, 122, 59, 0, 1.88%, 14, 0, 3, 3058.36
1539313175, 2, 98, 122, 56, 2, 1.88%, 14, 0, 3, 3038.63
1539313181, 3, 52, 122, 53, 0, 1.88%, 14, 0, 3, 3061.82
1539313186, 3, 69, 122, 51, 0, 1.88%, 14, 0, 3, 2993.08
1539313191, 3, 87, 122, 49, 0, 1.88%, 14, 0, 3, 2953.59
1539313196, 3, 104, 122, 47, 0, 1.88%, 14, 0, 3, 2966.14
1539313201, 3, 109, 122, 46, 0, 1.88%, 14, 0, 3, 2874.79
1539313206, 4, 46, 122, 44, 0, 1.88%, 14, 0, 3, 3010.59
1539313211, 4, 71, 122, 42, 0, 1.88%, 14, 0, 3, 2988.43
1539313216, 4, 77, 122, 39, 0, 1.88%, 14, 0, 3, 3039.44
1539313222, 4, 98, 122, 37, 0, 1.88%, 14, 0, 3, 3037.32
1539313227, 4, 108, 122, 36, 0, 1.88%, 14, 0, 3, 3043.10
1539313232, 5, 4, 122, 34, 0, 1.88%, 14, 0, 3, 2924.93
1539313237, 5, 43, 122, 32, 0, 1.88%, 14, 0, 3, 3047.71
1539313242, 5, 86, 122, 30, 0, 1.88%, 14, 0, 3, 3136.76
1539313247, 6, 1, 122, 29, 0, 1.88%, 14, 0, 3, 3141.21
1539313252, 6, 44, 122, 27, 0, 1.88%, 14, 0, 3, 3078.65
1539313257, 6, 86, 122, 25, 0, 1.88%, 14, 0, 3, 3095.77
1539313263, 7, 15, 122, 24, 0, 1.88%, 14, 0, 3, 3034.56
1539313268, 7, 57, 122, 22, 0, 1.88%, 14, 0, 3, 3008.73
1539313273, 7, 94, 122, 21, 0, 1.88%, 14, 0, 3, 3081.30
1539313278, 7, 116, 122, 19, 0, 1.88%, 14, 0, 3, 3003.55
1539313283, 8, 14, 122, 17, 0, 1.88%, 14, 0, 3, 2961.80
1539313288, 8, 29, 122, 15, 0, 1.88%, 14, 0, 3, 2959.95
1539313294, 8, 45, 122, 12, 0, 1.88%, 14, 0, 3, 3072.22
1539313299, 8, 103, 122, 11, 0, 1.88%, 14, 0, 3, 3070.00
1539313304, 9, 55, 122, 10, 0, 1.88%, 14, 0, 3, 3019.49
1539313309, 9, 75, 122, 8, 0, 1.88%, 14, 0, 3, 2992.13
1539313314, 9, 85, 122, 7, 0, 1.88%, 14, 0, 3, 2925.35
1539313319, 10, 41, 122, 6, 0, 1.88%, 14, 0, 3, 3058.36
1539313324, 10, 103, 122, 5, 0, 1.88%, 14, 0, 3, 3098.76
1539313330, 11, 83, 122, 5, 0, 1.88%, 14, 0, 3, 3104.84
1539313335, 12, 9, 122, 4, 0, 1.88%, 14, 0, 3, 3149.85
1539313340, 12, 79, 122, 3, 0, 1.88%, 14, 0, 3, 3146.09
1539313345, 13, 55, 122, 3, 0, 1.88%, 14, 0, 3, 3110.54
1539313350, 14, 24, 122, 3, 0, 1.88%, 14, 0, 3, 3070.75
1539313355, 14, 99, 122, 3, 0, 1.88%, 14, 0, 3, 2979.65
1539313360, 15, 72, 122, 3, 0, 1.88%, 14, 0, 3, 3037.27
1539313366, 15, 107, 122, 3, 0, 1.88%, 14, 0, 3, 3000.61
1539313371, 16, 55, 122, 1, 0, 1.88%, 14, 0, 3, 2955.92
1539313376, 17, 1, 122, 1, 0, 1.88%, 15, 0, 3, 3084.56
1539313381, 17, 86, 122, 1, 0, 1.88%, 15, 0, 3, 3064.60
1539313386, 18, 78, 122, 1, 0, 1.88%, 15, 0, 3, 3107.73
1539313391, 19, 55, 122, 1, 0, 1.88%, 15, 0, 3, 3139.85
1539313397, 20, 1, 122, 1, 0, 1.88%, 15, 0, 3, 3150.76
1539313402, 20, 85, 122, 1, 0, 1.88%, 15, 0, 3, 3165.26
1539313407, 21, 57, 122, 1, 0, 1.88%, 15, 0, 3, 3160.66
1539313412, 22, 1, 122, 1, 0, 1.88%, 15, 0, 3, 3057.49
1539313417, 22, 86, 122, 1, 0, 1.88%, 15, 0, 3, 3047.73
1539313422, 23, 76, 122, 1, 0, 1.88%, 15, 0, 3, 3044.80
1539313428, 24, 35, 122, 1, 0, 1.88%, 15, 0, 3, 3062.84
1539313433, 24, 103, 122, 1, 0, 1.88%, 15, 0, 3, 2998.17
1539313438, 25, 79, 122, 1, 0, 1.88%, 15, 0, 3, 2992.86
1539313443, 26, 55, 122, 1, 0, 1.88%, 15, 0, 3, 3070.20
1539313448, 27, 1, 122, 1, 0, 1.88%, 15, 0, 3, 3137.44
1539313453, 27, 86, 122, 1, 0, 1.88%, 15, 0, 3, 3115.46
1539313458, 28, 61, 122, 1, 0, 1.88%, 15, 0, 3, 3058.02
1539313464, 29, 3, 122, 1, 0, 1.88%, 15, 0, 3, 3080.65
1539313469, 29, 95, 122, 1, 0, 1.88%, 15, 0, 3, 3183.33
1539313474, 30, 61, 122, 1, 0, 1.88%, 15, 0, 3, 3108.78
1539313479, 30, 86, 122, 0, 0, 1.88%, 15, 0, 3, 3032.85
1539313484, 31, 66, 122, 0, 0, 1.88%, 15, 0, 3, 3001.60
1539313489, 32, 3, 122, 0, 0, 1.88%, 15, 0, 3, 3031.26
1539313494, 32, 99, 122, 0, 0, 1.88%, 15, 0, 3, 3093.54
1539313500, 33, 78, 122, 0, 0, 1.88%, 15, 0, 3, 3153.38
1539313505, 34, 40, 122, 0, 0, 1.88%, 15, 0, 3, 3067.97
1539313510, 34, 103, 122, 0, 0, 1.88%, 15, 0, 3, 3069.75
1539313515, 35, 83, 122, 0, 0, 1.88%, 15, 0, 3, 3056.35
1539313520, 36, 55, 122, 0, 0, 1.88%, 15, 0, 3, 3062.97
1539313525, 37, 3, 122, 0, 0, 1.88%, 15, 0, 3, 3074.86
1539313531, 37, 99, 122, 0, 0, 1.88%, 15, 0, 3, 3158.16
1539313536, 38, 77, 122, 0, 0, 1.88%, 15, 0, 3, 3079.30
1539313541, 39, 20, 122, 0, 0, 1.88%, 15, 0, 3, 3014.44
1539313546, 39, 103, 122, 0, 0, 1.88%, 15, 0, 3, 3123.71
1539313551, 40, 75, 122, 0, 0, 1.88%, 15, 0, 3, 3154.90
1539313556, 41, 55, 122, 0, 0, 1.88%, 15, 0, 3, 3160.65
1539313561, 41, 104, 122, 0, 0, 1.88%, 15, 0, 3, 3192.51
1539313567, 42, 84, 122, 0, 0, 1.88%, 15, 0, 3, 3201.66
1539313572, 43, 72, 122, 0, 0, 1.88%, 15, 0, 3, 3177.56
1539313577, 44, 29, 122, 0, 0, 1.88%, 15, 0, 3, 3160.77
1539313582, 44, 108, 122, 0, 0, 1.88%, 15, 0, 3, 3167.38
1539313587, 45, 86, 122, 0, 0, 1.88%, 15, 0, 3, 3174.69
1539313592, 46, 70, 122, 0, 0, 1.88%, 15, 0, 3, 3168.85
1539313597, 47, 24, 122, 0, 0, 1.88%, 15, 0, 3, 3167.19
1539313603, 47, 98, 122, 0, 0, 1.88%, 15, 0, 3, 3166.62
1539313608, 48, 78, 122, 0, 0, 1.88%, 15, 0, 3, 3163.32
1539313613, 49, 57, 122, 0, 0, 1.88%, 15, 0, 3, 3155.69
1539313618, 50, 5, 122, 0, 0, 1.88%, 15, 0, 3, 3161.40
1539313623, 50, 97, 122, 0, 0, 1.88%, 15, 0, 3, 3164.44
1539313628, 51, 61, 122, 0, 0, 1.88%, 15, 0, 3, 3178.27
1539313633, 52, 24, 122, 0, 0, 1.88%, 15, 0, 3, 3167.53
1539313639, 52, 99, 122, 0, 0, 1.88%, 15, 0, 3, 3168.07
1539313644, 53, 79, 122, 0, 0, 1.88%, 15, 0, 3, 3178.46
