# unix_time, cycles_done, cur_path, paths_total, pending_total, pending_favs, map_size, unique_crashes, unique_hangs, max_depth, execs_per_sec
1539299166, 0, 0, 6, 6, 6, 1.19%, 0, 0, 1, 2526.32
1539299171, 0, 0, 79, 79, 6, 1.31%, 0, 0, 2, 2861.94
1539299176, 0, 0, 200, 200, 6, 1.37%, 0, 0, 2, 2736.30
1539299181, 0, 0, 212, 212, 6, 1.39%, 0, 0, 2, 2769.84
1539299186, 0, 1, 214, 213, 32, 1.39%, 0, 0, 2, 2713.48
1539299191, 0, 1, 223, 222, 32, 1.40%, 0, 0, 2, 2685.19
1539299196, 0, 1, 234, 233, 32, 1.41%, 0, 0, 2, 2640.89
1539299201, 0, 1, 239, 238, 32, 1.42%, 0, 0, 2, 2698.85
1539299206, 0, 30, 240, 238, 35, 1.43%, 0, 0, 2, 2833.84
1539299212, 0, 44, 240, 237, 34, 1.43%, 0, 0, 2, 2740.84
1539299217, 0, 45, 240, 236, 33, 1.43%, 0, 0, 2, 2873.26
1539299222, 0, 56, 240, 235, 32, 1.43%, 0, 0, 2, 2965.01
1539299227, 0, 77, 240, 233, 30, 1.43%, 0, 0, 2, 2714.09
1539299232, 0, 83, 240, 232, 29, 1.43%, 0, 0, 2, 2643.72
1539299237, 0, 95, 240, 231, 28, 1.43%, 0, 0, 2, 2825.41
1539299242, 0, 108, 240, 230, 27, 1.43%, 0, 0, 2, 2922.07
1539299247, 0, 129, 240, 229, 26, 1.43%, 0, 0, 2, 2669.99
1539299252, 0, 129, 249, 238, 26, 1.44%, 0, 0, 3, 2608.65
1539299257, 0, 129, 252, 241, 26, 1.44%, 0, 0, 3, 2649.70
1539299262, 0, 131, 255, 243, 26, 1.44%, 0, 0, 3, 2667.44
1539299267, 0, 132, 255, 242, 25, 1.44%, 0, 0, 3, 2721.75
1539299277, 0, 133, 256, 242, 24, 1.44%, 0, 0, 3, 2441.19
1539299288, 0, 135, 257, 242, 23, 1.44%, 0, 0, 3, 2543.77
1539299293, 0, 137, 257, 241, 22, 1.44%, 0, 0, 3, 2870.41
1539299298, 0, 141, 257, 240, 21, 1.44%, 0, 0, 3, 2729.37
1539299308, 0, 143, 257, 239, 21, 1.44%, 0, 0, 3, 2809.72
1539299313, 0, 144, 257, 238, 20, 1.44%, 0, 0, 3, 2928.08
1539299318, 0, 145, 257, 237, 19, 1.44%, 0, 0, 3, 2800.03
1539299323, 0, 146, 259, 238, 18, 1.44%, 0, 0, 3, 2750.63
1539299333, 0, 146, 269, 248, 18, 1.47%, 0, 0, 3, 2778.92
1539299338, 0, 146, 275, 254, 18, 1.50%, 0, 0, 3, 2782.29
1539299343, 0, 148, 278, 256, 26, 1.50%, 0, 0, 3, 2852.25
1539299348, 0, 156, 280, 257, 26, 1.50%, 0, 0, 3, 2865.45
1539299353, 0, 156, 281, 258, 26, 1.50%, 0, 0, 3, 2775.13
1539299358, 0, 163, 281, 257, 25, 1.50%, 0, 0, 3, 2775.27
1539299363, 0, 167, 281, 256, 24, 1.50%, 0, 0, 3, 2817.11
1539299368, 0, 167, 282, 257, 24, 1.51%, 0, 0, 3, 2911.72
1539299373, 0, 187, 282, 256, 23, 1.51%, 0, 0, 3, 2855.53
1539299379, 0, 188, 282, 255, 22, 1.51%, 0, 0, 3, 2750.51
1539299389, 0, 193, 282, 254, 21, 1.51%, 0, 0, 3, 2737.01
1539299394, 0, 200, 284, 255, 20, 1.51%, 0, 0, 3, 2745.99
1539299404, 0, 202, 284, 254, 21, 1.51%, 0, 0, 3, 2646.58
1539299414, 0, 210, 284, 253, 20, 1.51%, 0, 0, 3, 2688.78
1539299419, 0, 215, 284, 252, 19, 1.51%, 0, 0, 3, 2675.47
1539299424, 0, 215, 285, 253, 19, 1.52%, 0, 0, 3, 2623.25
1539299429, 0, 221, 285, 252, 19, 1.52%, 0, 0, 3, 2613.75
1539299434, 0, 235, 285, 251, 18, 1.52%, 0, 0, 3, 2621.77
1539299445, 0, 237, 285, 250, 17, 1.52%, 0, 0, 3, 2658.05
1539299455, 0, 253, 287, 251, 16, 1.52%, 0, 0, 4, 2653.32
1539299465, 0, 260, 287, 250, 17, 1.52%, 0, 0, 4, 2668.74
1539299470, 0, 262, 295, 257, 18, 1.58%, 0, 0, 4, 2764.62
1539299480, 0, 264, 297, 258, 23, 1.58%, 0, 0, 4, 2727.44
1539299485, 0, 264, 300, 261, 23, 1.58%, 0, 0, 4, 2721.75
1539299490, 0, 264, 306, 267, 23, 1.59%, 0, 0, 4, 2766.88
1539299495, 0, 264, 311, 272, 23, 1.78%, 0, 0, 4, 2745.16
1539299500, 0, 265, 311, 271, 30, 1.78%, 0, 0, 4, 2794.01
1539299505, 0, 270, 311, 270, 29, 1.78%, 0, 0, 4, 2794.21
1539299515, 0, 271, 311, 269, 28, 1.78%, 0, 0, 4, 2802.94
1539299525, 0, 274, 314, 271, 28, 1.79%, 0, 0, 4, 2733.19
1539299535, 0, 275, 314, 270, 27, 1.79%, 0, 0, 4, 2438.69
1539299541, 0, 275, 315, 271, 27, 1.79%, 0, 0, 4, 2694.54
1539299546, 0, 279, 316, 271, 26, 1.79%, 0, 0, 4, 2583.16
1539299551, 0, 280, 317, 271, 25, 1.79%, 0, 0, 4, 2575.96
1539299561, 0, 281, 319, 272, 25, 1.79%, 0, 0, 4, 2588.07
1539299566, 0, 282, 319, 271, 25, 1.79%, 0, 0, 4, 2771.53
1539299576, 0, 283, 319, 270, 24, 1.79%, 0, 0, 4, 2835.36
1539299581, 0, 284, 319, 269, 23, 1.79%, 0, 0, 4, 2809.54
1539299591, 0, 285, 319, 268, 22, 1.79%, 0, 0, 4, 2591.73
1539299601, 0, 286, 319, 267, 21, 1.79%, 0, 0, 4, 2377.44
1539299616, 0, 287, 320, 267, 20, 1.79%, 0, 0, 5, 2173.18
1539299622, 0, 287, 321, 268, 20, 1.80%, 0, 0, 5, 2184.70
1539299627, 0, 288, 321, 267, 19, 1.80%, 0, 0, 5, 2158.82
1539299632, 0, 289, 321, 266, 18, 1.80%, 0, 0, 5, 2170.55
1539299637, 0, 289, 322, 267, 18, 1.80%, 0, 0, 5, 2104.25
1539299642, 0, 291, 323, 267, 17, 1.80%, 0, 0, 5, 2112.89
1539299647, 0, 291, 324, 268, 17, 1.80%, 0, 0, 5, 2183.92
1539299652, 0, 292, 324, 267, 16, 1.80%, 0, 0, 5, 2309.20
1539299662, 0, 293, 324, 266, 15, 1.80%, 0, 0, 5, 2378.00
1539299678, 0, 294, 324, 265, 14, 1.80%, 0, 0, 5, 2266.39
1539299688, 0, 295, 329, 269, 13, 1.81%, 0, 0, 5, 2260.25
1539299693, 0, 299, 329, 268, 17, 1.81%, 0, 0, 5, 2302.54
1539299708, 0, 301, 332, 270, 16, 1.81%, 0, 0, 5, 2198.54
1539299713, 0, 301, 334, 272, 16, 1.81%, 0, 0, 5, 2328.49
1539299718, 0, 303, 334, 271, 17, 1.81%, 0, 0, 5, 2337.64
1539299723, 0, 305, 334, 270, 16, 1.81%, 0, 0, 5, 2404.73
1539299733, 0, 306, 344, 279, 15, 1.82%, 0, 0, 5, 2525.98
1539299743, 0, 308, 350, 284, 19, 1.82%, 0, 0, 5, 2661.78
1539299753, 0, 309, 352, 285, 18, 1.84%, 0, 0, 5, 2684.34
1539299763, 0, 313, 354, 286, 19, 1.84%, 0, 0, 5, 2630.60
