# unix_time, cycles_done, cur_path, paths_total, pending_total, pending_favs, map_size, unique_crashes, unique_hangs, max_depth, execs_per_sec
1539316670, 0, 0, 6, 6, 6, 1.49%, 0, 0, 1, 2823.53
1539316675, 0, 0, 127, 127, 6, 1.88%, 12, 0, 2, 3161.43
1539316680, 0, 0, 129, 129, 6, 1.88%, 14, 0, 2, 3270.26
1539316685, 0, 19, 129, 126, 25, 1.88%, 14, 0, 2, 3169.79
1539316691, 0, 26, 129, 123, 22, 1.88%, 14, 0, 2, 3164.11
1539316696, 0, 45, 129, 119, 18, 1.88%, 14, 0, 2, 3082.49
1539316701, 0, 54, 129, 116, 15, 1.88%, 14, 0, 2, 3042.74
1539316706, 0, 62, 129, 113, 12, 1.88%, 14, 0, 2, 3086.72
1539316711, 0, 68, 129, 111, 10, 1.88%, 14, 0, 2, 3061.00
1539316716, 0, 87, 129, 108, 7, 1.88%, 14, 0, 2, 3106.12
1539316721, 0, 108, 129, 105, 4, 1.88%, 14, 0, 2, 3068.18
1539316726, 0, 128, 129, 102, 1, 1.88%, 14, 0, 2, 3088.33
1539316731, 1, 8, 129, 99, 0, 1.88%, 14, 0, 2, 3046.36
1539316736, 1, 19, 129, 96, 0, 1.88%, 14, 0, 2, 3034.75
1539316741, 1, 47, 129, 94, 0, 1.88%, 14, 0, 2, 3044.01
1539316746, 1, 64, 129, 91, 0, 1.88%, 14, 0, 2, 3039.87
1539316751, 1, 79, 129, 89, 0, 1.88%, 14, 0, 2, 3046.88
1539316756, 1, 93, 129, 86, 0, 1.88%, 14, 0, 2, 3072.08
1539316761, 1, 97, 129, 83, 0, 1.88%, 14, 0, 2, 3030.92
1539316766, 1, 116, 129, 81, 0, 1.88%, 14, 0, 2, 3011.89
1539316771, 2, 28, 129, 78, 0, 1.88%, 14, 0, 2, 3129.10
1539316777, 2, 62, 129, 75, 0, 1.88%, 14, 0, 2, 3215.81
1539316782, 2, 73, 129, 72, 0, 1.88%, 14, 0, 2, 3187.22
1539316787, 2, 82, 129, 70, 0, 1.88%, 14, 0, 2, 3115.74
1539316792, 2, 99, 129, 67, 0, 1.88%, 14, 0, 2, 3233.59
1539316797, 2, 103, 129, 65, 0, 1.88%, 14, 0, 2, 3109.10
1539316803, 2, 115, 129, 62, 0, 1.88%, 14, 0, 2, 3142.23
1539316808, 3, 13, 129, 60, 0, 1.88%, 14, 0, 2, 3108.80
1539316813, 3, 21, 129, 57, 0, 1.88%, 14, 0, 2, 3149.41
1539316818, 3, 27, 129, 55, 0, 1.88%, 15, 0, 2, 3146.03
1539316823, 3, 46, 129, 52, 0, 1.88%, 15, 0, 2, 3242.23
1539316828, 3, 58, 129, 49, 0, 1.88%, 15, 0, 2, 3189.75
1539316833, 3, 88, 129, 47, 0, 1.88%, 15, 0, 2, 3154.89
1539316838, 3, 108, 129, 45, 0, 1.88%, 15, 0, 2, 3111.78
1539316843, 3, 125, 129, 43, 0, 1.88%, 15, 0, 2, 3095.94
1539316848, 4, 3, 129, 42, 0, 1.88%, 15, 0, 2, 3127.20
1539316853, 4, 34, 129, 39, 0, 1.88%, 15, 0, 2, 3284.70
1539316858, 4, 69, 129, 37, 0, 1.88%, 15, 0, 2, 3195.56
1539316863, 4, 108, 129, 35, 0, 1.88%, 15, 0, 2, 3188.11
1539316869, 4, 124, 129, 34, 0, 1.88%, 15, 0, 2, 3126.96
1539316874, 5, 22, 129, 32, 0, 1.88%, 15, 0, 2, 3161.63
1539316879, 5, 65, 129, 29, 0, 1.88%, 15, 0, 2, 3167.36
1539316884, 5, 81, 129, 27, 0, 1.88%, 15, 0, 2, 3124.98
1539316889, 5, 118, 129, 25, 0, 1.88%, 15, 0, 2, 3168.93
1539316894, 5, 127, 130, 24, 0, 1.88%, 15, 0, 3, 3132.38
1539316899, 6, 45, 130, 20, 0, 1.88%, 15, 0, 3, 3223.01
1539316904, 6, 91, 130, 19, 0, 1.88%, 15, 0, 3, 3167.14
1539316909, 7, 16, 130, 18, 0, 1.88%, 15, 0, 3, 3113.12
1539316914, 7, 77, 130, 17, 0, 1.88%, 15, 0, 3, 3117.62
1539316920, 7, 107, 130, 16, 0, 1.88%, 15, 0, 3, 3052.79
1539316925, 8, 66, 130, 14, 0, 1.88%, 15, 0, 3, 3140.53
1539316930, 9, 15, 130, 14, 0, 1.88%, 15, 0, 3, 3158.53
1539316935, 9, 53, 130, 12, 0, 1.88%, 15, 0, 3, 3101.58
1539316940, 9, 92, 130, 10, 0, 1.88%, 15, 0, 3, 3084.58
1539316945, 10, 44, 130, 9, 0, 1.88%, 15, 0, 3, 3074.23
1539316951, 10, 87, 130, 7, 0, 1.88%, 15, 0, 3, 3139.85
1539316956, 10, 129, 130, 7, 0, 1.88%, 15, 0, 3, 3071.00
1539316961, 11, 57, 130, 5, 0, 1.88%, 15, 0, 3, 3097.20
1539316966, 11, 112, 130, 5, 0, 1.88%, 15, 0, 3, 3093.18
1539316971, 12, 70, 130, 4, 0, 1.88%, 15, 0, 3, 3125.28
1539316976, 13, 58, 130, 4, 0, 1.88%, 15, 0, 3, 3213.11
1539316982, 13, 117, 130, 4, 0, 1.88%, 15, 0, 3, 3192.42
1539316987, 14, 99, 130, 2, 0, 1.88%, 15, 0, 3, 3205.81
1539316992, 15, 26, 130, 1, 0, 1.88%, 15, 0, 3, 3202.27
1539316997, 15, 117, 130, 1, 0, 1.88%, 15, 0, 3, 3225.48
1539317002, 16, 83, 130, 1, 0, 1.88%, 15, 0, 3, 3196.31
1539317007, 16, 113, 130, 0, 0, 1.88%, 15, 0, 3, 3179.60
1539317013, 17, 87, 130, 0, 0, 1.88%, 15, 0, 3, 3195.40
1539317018, 18, 57, 130, 0, 0, 1.88%, 15, 0, 3, 3208.66
1539317023, 19, 15, 130, 0, 0, 1.88%, 15, 0, 3, 3211.72
1539317028, 19, 108, 130, 0, 0, 1.88%, 15, 0, 3, 3210.00
1539317033, 20, 95, 130, 0, 0, 1.88%, 15, 0, 3, 3221.18
1539317038, 21, 52, 130, 0, 0, 1.88%, 15, 0, 3, 3227.18
1539317044, 22, 3, 130, 0, 0, 1.88%, 15, 0, 3, 3224.25
1539317049, 22, 113, 130, 0, 0, 1.88%, 15, 0, 3, 3212.99
1539317054, 23, 100, 130, 0, 0, 1.88%, 15, 0, 3, 3209.99
1539317059, 24, 59, 130, 0, 0, 1.88%, 15, 0, 3, 3258.37
1539317064, 25, 38, 130, 0, 0, 1.88%, 15, 0, 3, 3280.51
1539317069, 25, 117, 130, 0, 0, 1.88%, 15, 0, 3, 3239.42
1539317075, 26, 95, 130, 0, 0, 1.88%, 15, 0, 3, 3222.14
1539317080, 27, 58, 130, 0, 0, 1.88%, 15, 0, 3, 3228.67
1539317085, 28, 2, 130, 0, 0, 1.88%, 15, 0, 3, 3207.87
1539317090, 28, 99, 130, 0, 0, 1.88%, 15, 0, 3, 3198.84
1539317095, 29, 77, 130, 0, 0, 1.88%, 15, 0, 3, 3209.90
1539317100, 30, 49, 130, 0, 0, 1.88%, 15, 0, 3, 3204.94
1539317105, 30, 120, 130, 0, 0, 1.88%, 15, 0, 3, 3211.91
1539317111, 31, 100, 130, 0, 0, 1.88%, 15, 0, 3, 3216.44
1539317116, 32, 77, 130, 0, 0, 1.88%, 15, 0, 3, 3242.27
1539317121, 33, 49, 130, 0, 0, 1.88%, 15, 0, 3, 3256.80
1539317126, 33, 128, 130, 0, 0, 1.88%, 15, 0, 3, 3224.67
1539317131, 34, 100, 130, 0, 0, 1.88%, 15, 0, 3, 3241.83
1539317136, 35, 52, 130, 0, 0, 1.88%, 15, 0, 3, 3223.97
1539317141, 36, 3, 130, 0, 0, 1.88%, 15, 0, 3, 3238.75
1539317147, 36, 95, 130, 0, 0, 1.88%, 15, 0, 3, 3260.36
1539317152, 37, 70, 130, 0, 0, 1.88%, 15, 0, 3, 3259.62
1539317157, 38, 44, 130, 0, 0, 1.88%, 15, 0, 3, 3237.99
1539317162, 38, 117, 130, 0, 0, 1.88%, 15, 0, 3, 3139.43
1539317167, 39, 87, 130, 0, 0, 1.88%, 15, 0, 3, 3205.02
1539317172, 40, 45, 130, 0, 0, 1.88%, 15, 0, 3, 3136.02
1539317178, 40, 125, 130, 0, 0, 1.88%, 15, 0, 3, 3105.78
1539317183, 41, 97, 130, 0, 0, 1.88%, 15, 0, 3, 3129.77
1539317188, 42, 57, 130, 0, 0, 1.88%, 15, 0, 3, 3020.59
1539317193, 43, 5, 130, 0, 0, 1.88%, 15, 0, 3, 3123.12
1539317198, 43, 108, 130, 0, 0, 1.88%, 15, 0, 3, 3176.98
1539317203, 44, 87, 130, 0, 0, 1.88%, 15, 0, 3, 3190.68
1539317208, 45, 49, 130, 0, 0, 1.88%, 15, 0, 3, 3090.26
1539317214, 45, 128, 130, 0, 0, 1.88%, 15, 0, 3, 3056.28
1539317219, 46, 101, 130, 0, 0, 1.88%, 15, 0, 3, 3175.56
1539317224, 47, 77, 130, 0, 0, 1.88%, 15, 0, 3, 3180.42
1539317229, 48, 49, 130, 0, 0, 1.88%, 15, 0, 3, 3181.81
1539317234, 49, 3, 130, 0, 0, 1.88%, 15, 0, 3, 3214.79
1539317239, 49, 100, 130, 0, 0, 1.88%, 15, 0, 3, 3207.90
1539317245, 50, 58, 130, 0, 0, 1.88%, 15, 0, 3, 3209.04
1539317250, 51, 33, 130, 0, 0, 1.88%, 15, 0, 3, 3213.29
1539317255, 51, 111, 130, 0, 0, 1.88%, 15, 0, 3, 3208.34
1539317260, 52, 95, 130, 0, 0, 1.88%, 15, 0, 3, 3233.46
1539317265, 53, 77, 130, 0, 0, 1.88%, 15, 0, 3, 3225.95
