# unix_time, cycles_done, cur_path, paths_total, pending_total, pending_favs, map_size, unique_crashes, unique_hangs, max_depth, execs_per_sec
1539321499, 0, 0, 6, 6, 5, 1.74%, 0, 0, 1, 2526.32
1539321504, 0, 0, 88, 88, 5, 1.93%, 0, 0, 2, 2531.99
1539321509, 0, 0, 314, 314, 5, 2.08%, 25, 0, 2, 2780.82
1539321515, 0, 7, 339, 338, 67, 2.11%, 31, 0, 2, 2787.82
1539321520, 0, 7, 340, 339, 67, 2.11%, 31, 0, 3, 2706.39
1539321525, 0, 11, 342, 340, 66, 2.11%, 31, 0, 3, 2849.79
1539321530, 0, 11, 357, 355, 66, 2.13%, 31, 0, 3, 2981.03
1539321535, 0, 11, 370, 368, 66, 2.13%, 33, 0, 3, 2882.60
1539321540, 0, 16, 372, 369, 73, 2.13%, 33, 0, 3, 2935.01
1539321545, 0, 40, 372, 368, 72, 2.13%, 33, 0, 3, 2945.31
1539321550, 0, 49, 372, 367, 71, 2.13%, 33, 0, 3, 2843.59
1539321555, 0, 56, 372, 366, 70, 2.13%, 33, 0, 3, 2761.55
1539321560, 0, 67, 372, 365, 69, 2.13%, 33, 0, 3, 2707.86
1539321565, 0, 92, 373, 365, 68, 2.13%, 33, 0, 3, 2676.32
1539321570, 0, 101, 373, 364, 67, 2.13%, 33, 0, 3, 2699.44
1539321575, 0, 102, 373, 363, 66, 2.13%, 33, 0, 3, 2895.98
1539321580, 0, 106, 373, 362, 65, 2.13%, 33, 0, 3, 2962.53
1539321585, 0, 121, 373, 360, 64, 2.13%, 33, 0, 3, 3095.73
1539321590, 0, 126, 373, 359, 63, 2.13%, 33, 0, 3, 3058.76
1539321595, 0, 139, 373, 358, 62, 2.13%, 33, 0, 3, 2836.06
1539321600, 0, 140, 374, 358, 62, 2.14%, 33, 0, 3, 2993.61
1539321605, 0, 142, 374, 357, 61, 2.14%, 33, 0, 3, 2904.39
1539321610, 0, 152, 378, 360, 60, 2.14%, 33, 0, 3, 2803.01
1539321616, 0, 157, 378, 359, 61, 2.14%, 33, 0, 3, 2720.69
1539321621, 0, 157, 381, 362, 61, 2.14%, 33, 0, 3, 2757.31
1539321626, 0, 160, 381, 360, 59, 2.14%, 33, 0, 3, 2872.91
1539321631, 0, 166, 381, 359, 58, 2.14%, 33, 0, 3, 2682.54
1539321636, 0, 177, 381, 358, 57, 2.14%, 33, 0, 3, 2585.06
1539321641, 0, 178, 381, 357, 56, 2.14%, 33, 0, 3, 2925.26
1539321646, 0, 192, 381, 356, 55, 2.14%, 33, 0, 3, 2718.16
1539321651, 0, 202, 381, 355, 54, 2.14%, 33, 0, 3, 2497.05
1539321656, 0, 204, 382, 355, 53, 2.14%, 33, 0, 3, 2723.32
1539321661, 0, 218, 382, 354, 52, 2.14%, 33, 0, 3, 2885.85
1539321666, 0, 233, 382, 353, 51, 2.14%, 33, 0, 3, 2738.14
1539321672, 0, 239, 383, 353, 50, 2.14%, 33, 0, 3, 2721.29
1539321677, 0, 240, 383, 352, 49, 2.14%, 33, 0, 3, 2693.46
1539321682, 0, 246, 383, 351, 48, 2.14%, 33, 0, 3, 2628.40
1539321692, 0, 246, 393, 361, 48, 2.14%, 36, 0, 3, 2730.94
1539321697, 0, 246, 399, 367, 48, 2.14%, 36, 0, 3, 2731.93
1539321702, 0, 254, 405, 372, 50, 2.15%, 36, 0, 3, 2794.05
1539321707, 0, 256, 405, 371, 49, 2.15%, 36, 0, 3, 2718.10
1539321712, 0, 257, 406, 371, 48, 2.15%, 36, 0, 3, 2503.52
1539321722, 0, 261, 406, 370, 47, 2.15%, 36, 0, 3, 2378.34
1539321727, 0, 262, 406, 369, 46, 2.15%, 36, 0, 3, 2895.17
1539321732, 0, 264, 406, 368, 45, 2.15%, 36, 0, 3, 2648.54
1539321737, 0, 269, 406, 367, 44, 2.15%, 36, 0, 3, 2705.15
1539321743, 0, 273, 406, 366, 43, 2.15%, 36, 0, 3, 2559.15
1539321748, 0, 276, 406, 365, 43, 2.15%, 36, 0, 3, 2569.08
1539321753, 0, 281, 406, 364, 42, 2.15%, 36, 0, 3, 2735.17
1539321758, 0, 285, 406, 363, 41, 2.15%, 36, 0, 3, 2728.23
1539321763, 0, 290, 406, 362, 40, 2.15%, 36, 0, 3, 2584.07
1539321773, 0, 291, 408, 363, 41, 2.15%, 36, 0, 3, 2495.04
1539321778, 0, 292, 408, 362, 40, 2.15%, 36, 0, 3, 2512.38
1539321783, 0, 293, 408, 361, 39, 2.15%, 36, 0, 3, 2581.54
1539321793, 0, 300, 408, 360, 38, 2.15%, 36, 0, 3, 2500.40
1539321798, 0, 307, 408, 359, 37, 2.15%, 36, 0, 3, 2576.58
1539321803, 0, 309, 409, 359, 36, 2.15%, 36, 0, 3, 2526.53
1539321809, 0, 312, 410, 359, 36, 2.15%, 36, 0, 3, 2642.08
1539321814, 0, 314, 410, 358, 35, 2.15%, 36, 0, 3, 2690.29
1539321824, 0, 321, 410, 357, 34, 2.15%, 36, 0, 3, 2435.73
1539321829, 0, 323, 411, 357, 34, 2.15%, 36, 0, 3, 2530.50
1539321834, 0, 325, 411, 356, 33, 2.15%, 36, 0, 3, 2609.87
1539321844, 0, 330, 411, 355, 32, 2.15%, 36, 0, 3, 2510.27
1539321849, 0, 331, 411, 354, 31, 2.15%, 36, 0, 3, 2547.28
1539321854, 0, 333, 411, 353, 30, 2.15%, 36, 0, 3, 2643.08
1539321859, 0, 335, 411, 352, 29, 2.15%, 36, 0, 3, 2623.73
1539321869, 0, 336, 411, 351, 28, 2.15%, 36, 0, 3, 2631.49
1539321874, 0, 337, 411, 350, 27, 2.15%, 36, 0, 3, 2670.88
1539321879, 0, 343, 411, 349, 26, 2.15%, 36, 0, 3, 2558.63
1539321885, 0, 344, 411, 348, 26, 2.15%, 36, 0, 3, 2471.88
1539321890, 0, 346, 412, 348, 25, 2.15%, 36, 0, 4, 2469.55
1539321900, 0, 349, 412, 347, 24, 2.15%, 36, 0, 4, 2447.36
1539321905, 0, 351, 412, 346, 23, 2.15%, 36, 0, 4, 2686.04
1539321910, 0, 352, 415, 348, 22, 2.15%, 36, 0, 4, 2725.05
1539321915, 0, 354, 416, 348, 22, 2.15%, 36, 0, 4, 2568.25
1539321920, 0, 356, 416, 347, 21, 2.15%, 36, 0, 4, 2563.38
1539321930, 0, 357, 418, 348, 19, 2.16%, 36, 0, 4, 2601.57
1539321935, 0, 359, 419, 348, 18, 2.16%, 36, 0, 4, 2641.88
1539321945, 0, 369, 420, 348, 17, 2.16%, 36, 0, 4, 2544.11
1539321950, 0, 371, 420, 347, 16, 2.16%, 36, 0, 4, 2497.87
1539321955, 0, 373, 420, 346, 15, 2.16%, 36, 0, 4, 2549.41
1539321960, 0, 374, 420, 345, 14, 2.16%, 36, 0, 4, 2744.87
1539321965, 0, 376, 421, 345, 14, 2.16%, 36, 0, 4, 2779.07
1539321975, 0, 377, 422, 345, 13, 2.16%, 36, 0, 4, 2704.79
1539321980, 0, 395, 424, 346, 13, 2.16%, 36, 0, 4, 2679.28
1539321986, 0, 397, 425, 346, 13, 2.16%, 36, 0, 4, 2635.75
1539321996, 0, 397, 429, 350, 13, 2.16%, 36, 0, 4, 2600.45
1539322001, 0, 397, 432, 353, 13, 2.16%, 37, 0, 4, 2669.53
1539322006, 0, 400, 434, 354, 12, 2.16%, 37, 0, 4, 2714.19
1539322016, 0, 404, 434, 353, 11, 2.16%, 37, 0, 4, 2509.54
1539322021, 0, 405, 434, 352, 10, 2.16%, 37, 0, 4, 2439.23
1539322031, 0, 406, 434, 351, 9, 2.16%, 37, 0, 4, 2478.83
1539322036, 0, 408, 434, 350, 9, 2.16%, 37, 0, 4, 2536.71
1539322042, 0, 409, 434, 349, 8, 2.16%, 37, 0, 4, 2627.67
1539322047, 0, 410, 435, 349, 7, 2.16%, 37, 0, 4, 2622.40
1539322052, 0, 410, 436, 350, 7, 2.17%, 37, 0, 4, 2545.30
1539322057, 0, 415, 438, 351, 7, 2.17%, 37, 0, 5, 2569.89
1539322062, 0, 416, 438, 350, 6, 2.17%, 37, 0, 5, 2579.74
1539322072, 0, 417, 439, 350, 5, 2.17%, 37, 0, 5, 2615.14
1539322077, 0, 420, 439, 349, 5, 2.17%, 37, 0, 5, 2628.07
1539322083, 0, 421, 439, 348, 4, 2.17%, 37, 0, 5, 2729.48
1539322088, 0, 424, 439, 347, 3, 2.17%, 37, 0, 5, 2733.86
1539322098, 0, 435, 440, 347, 2, 2.17%, 37, 0, 5, 2592.51
