# unix_time, cycles_done, cur_path, paths_total, pending_total, pending_favs, map_size, unique_crashes, unique_hangs, max_depth, execs_per_sec
1539317877, 0, 0, 6, 6, 5, 1.74%, 0, 0, 1, 2400.00
1539317882, 0, 0, 89, 89, 5, 1.93%, 0, 0, 2, 2561.22
1539317887, 0, 0, 310, 310, 5, 2.09%, 0, 0, 2, 2743.38
1539317892, 0, 23, 333, 332, 64, 2.10%, 0, 0, 2, 2786.54
1539317897, 0, 26, 334, 332, 63, 2.10%, 0, 0, 3, 2779.61
1539317907, 0, 26, 342, 340, 63, 2.10%, 0, 0, 3, 2771.71
1539317912, 0, 26, 354, 352, 63, 2.11%, 0, 0, 3, 2856.26
1539317917, 0, 34, 356, 353, 64, 2.11%, 0, 0, 3, 2681.74
1539317922, 0, 48, 356, 352, 63, 2.11%, 0, 0, 3, 2704.12
1539317927, 0, 55, 356, 351, 62, 2.11%, 0, 0, 3, 2631.00
1539317932, 0, 57, 356, 350, 61, 2.11%, 0, 0, 3, 2833.80
1539317937, 0, 57, 364, 358, 61, 2.12%, 0, 0, 3, 2873.36
1539317942, 0, 57, 366, 360, 61, 2.12%, 0, 0, 3, 2875.65
1539317948, 0, 58, 369, 362, 66, 2.12%, 0, 0, 3, 2724.56
1539317953, 0, 75, 369, 361, 65, 2.12%, 0, 0, 3, 2810.34
1539317958, 0, 75, 377, 369, 65, 2.13%, 0, 0, 3, 2841.81
1539317963, 0, 75, 381, 373, 65, 2.14%, 0, 0, 3, 2865.31
1539317968, 0, 78, 383, 374, 67, 2.14%, 0, 0, 3, 2960.52
1539317973, 0, 80, 383, 373, 66, 2.14%, 0, 0, 3, 2950.03
1539317978, 0, 91, 383, 372, 66, 2.14%, 0, 0, 3, 2806.15
1539317983, 0, 103, 384, 372, 65, 2.14%, 0, 0, 3, 2781.32
1539317988, 0, 111, 384, 371, 64, 2.14%, 0, 0, 3, 2947.68
1539317993, 0, 124, 384, 370, 63, 2.14%, 0, 0, 3, 2809.22
1539317998, 0, 126, 385, 370, 63, 2.15%, 0, 0, 3, 2607.94
1539318003, 0, 144, 385, 369, 62, 2.15%, 0, 0, 3, 2792.17
1539318008, 0, 150, 385, 368, 61, 2.15%, 0, 0, 3, 2713.55
1539318013, 0, 154, 385, 367, 60, 2.15%, 0, 0, 3, 2704.56
1539318018, 0, 165, 386, 367, 59, 2.15%, 0, 0, 3, 2615.32
1539318024, 0, 169, 386, 366, 58, 2.15%, 0, 0, 3, 2825.44
1539318029, 0, 174, 386, 365, 57, 2.15%, 0, 0, 3, 2685.64
1539318034, 0, 190, 386, 364, 56, 2.15%, 0, 0, 3, 2604.84
1539318039, 0, 191, 387, 364, 56, 2.15%, 0, 0, 3, 2600.22
1539318044, 0, 195, 387, 363, 55, 2.15%, 0, 0, 3, 2788.12
1539318049, 0, 198, 387, 362, 54, 2.15%, 0, 0, 3, 2995.62
1539318054, 0, 207, 387, 361, 54, 2.15%, 0, 0, 3, 2959.66
1539318059, 0, 214, 387, 360, 53, 2.15%, 0, 0, 3, 2763.45
1539318064, 0, 221, 388, 360, 52, 2.15%, 0, 0, 3, 2666.88
1539318069, 0, 223, 388, 359, 51, 2.15%, 0, 0, 3, 2792.21
1539318074, 0, 234, 388, 358, 50, 2.15%, 0, 0, 3, 2613.86
1539318085, 0, 255, 388, 357, 49, 2.15%, 0, 0, 3, 2547.06
1539318090, 0, 266, 388, 356, 48, 2.15%, 0, 0, 3, 2672.97
1539318095, 0, 269, 390, 357, 47, 2.15%, 0, 0, 3, 2657.76
1539318100, 0, 273, 392, 358, 49, 2.15%, 0, 0, 3, 2574.11
1539318105, 0, 278, 392, 357, 48, 2.15%, 0, 0, 3, 2661.16
1539318115, 0, 279, 392, 356, 47, 2.15%, 0, 0, 3, 2526.63
1539318120, 0, 281, 392, 355, 46, 2.15%, 0, 0, 3, 2547.17
1539318130, 0, 284, 392, 354, 45, 2.15%, 0, 0, 3, 2699.83
1539318135, 0, 285, 394, 355, 44, 2.15%, 0, 0, 3, 2761.12
1539318140, 0, 289, 394, 354, 43, 2.15%, 0, 0, 3, 2556.26
1539318145, 0, 290, 394, 353, 42, 2.15%, 3, 0, 3, 2513.86
1539318150, 0, 290, 395, 354, 42, 2.15%, 6, 0, 3, 2582.43
1539318156, 0, 297, 395, 353, 41, 2.15%, 8, 0, 3, 2542.11
1539318161, 0, 302, 395, 352, 40, 2.15%, 8, 0, 3, 2620.18
1539318166, 0, 302, 401, 358, 40, 2.15%, 8, 0, 3, 2816.11
1539318171, 0, 302, 405, 362, 40, 2.16%, 9, 0, 3, 2919.33
1539318176, 0, 304, 406, 362, 41, 2.16%, 10, 0, 3, 2850.78
1539318186, 0, 306, 406, 361, 40, 2.16%, 10, 0, 3, 2605.75
1539318191, 0, 309, 406, 360, 39, 2.16%, 10, 0, 3, 2533.36
1539318201, 0, 309, 412, 366, 39, 2.16%, 11, 0, 3, 2644.24
1539318206, 0, 309, 413, 367, 39, 2.16%, 12, 0, 3, 2639.23
1539318212, 0, 312, 415, 368, 38, 2.16%, 13, 0, 3, 2560.39
1539318222, 0, 315, 415, 367, 37, 2.16%, 13, 0, 3, 2441.06
1539318227, 0, 316, 415, 366, 36, 2.16%, 13, 0, 3, 2504.40
1539318232, 0, 318, 415, 365, 35, 2.16%, 13, 0, 3, 2528.18
1539318237, 0, 319, 415, 364, 34, 2.16%, 13, 0, 3, 2711.89
1539318242, 0, 323, 415, 363, 33, 2.16%, 13, 0, 3, 2719.61
1539318247, 0, 323, 416, 364, 33, 2.16%, 13, 0, 3, 2549.58
1539318252, 0, 325, 416, 363, 32, 2.16%, 13, 0, 3, 2685.27
1539318257, 0, 326, 416, 362, 31, 2.16%, 13, 0, 3, 2749.51
1539318262, 0, 329, 416, 361, 30, 2.16%, 13, 0, 3, 2596.12
1539318267, 0, 331, 416, 360, 29, 2.16%, 13, 0, 3, 2502.79
1539318278, 0, 338, 416, 359, 28, 2.16%, 13, 0, 3, 2464.27
1539318283, 0, 346, 416, 358, 27, 2.16%, 14, 0, 3, 2489.74
1539318293, 0, 348, 416, 357, 26, 2.16%, 14, 0, 3, 2590.92
1539318298, 0, 350, 416, 356, 25, 2.16%, 14, 0, 3, 2408.24
1539318303, 0, 352, 416, 355, 24, 2.16%, 14, 0, 3, 2432.18
1539318313, 0, 357, 416, 354, 23, 2.16%, 14, 0, 3, 2553.02
1539318319, 0, 357, 423, 361, 23, 2.16%, 14, 0, 4, 2793.87
1539318329, 0, 358, 424, 361, 23, 2.16%, 14, 0, 4, 2756.29
1539318334, 0, 360, 424, 360, 21, 2.16%, 14, 0, 4, 2512.32
1539318339, 0, 361, 424, 359, 20, 2.16%, 14, 0, 4, 2528.37
1539318344, 0, 362, 424, 358, 19, 2.16%, 14, 0, 4, 2410.40
1539318354, 0, 364, 424, 357, 18, 2.16%, 14, 0, 4, 2503.10
1539318359, 0, 369, 424, 356, 17, 2.16%, 14, 0, 4, 2619.52
1539318364, 0, 372, 424, 355, 16, 2.16%, 14, 0, 4, 2636.57
1539318369, 0, 373, 424, 354, 15, 2.16%, 14, 0, 4, 2650.49
1539318379, 0, 377, 425, 354, 14, 2.16%, 14, 0, 4, 2385.16
1539318384, 0, 380, 425, 353, 13, 2.16%, 14, 0, 4, 2496.33
1539318395, 0, 384, 426, 353, 12, 2.16%, 14, 0, 4, 2456.39
1539318400, 0, 386, 426, 352, 11, 2.16%, 14, 0, 4, 2450.64
1539318410, 0, 387, 427, 352, 10, 2.16%, 14, 0, 4, 2455.54
1539318415, 0, 390, 427, 351, 9, 2.16%, 14, 0, 4, 2458.66
1539318425, 0, 395, 427, 350, 8, 2.16%, 14, 0, 4, 2633.20
1539318430, 0, 403, 427, 349, 7, 2.16%, 14, 0, 4, 2704.89
1539318435, 0, 404, 428, 349, 6, 2.17%, 14, 0, 4, 2662.81
1539318445, 0, 407, 428, 348, 6, 2.17%, 14, 0, 4, 2543.51
1539318450, 0, 414, 428, 347, 6, 2.17%, 14, 0, 4, 2661.47
1539318455, 0, 420, 428, 346, 5, 2.17%, 14, 0, 4, 2739.47
1539318461, 0, 423, 428, 345, 4, 2.17%, 14, 0, 4, 2728.61
1539318466, 0, 427, 428, 344, 3, 2.17%, 14, 0, 4, 2564.73
1539318471, 1, 22, 428, 343, 2, 2.17%, 14, 0, 4, 2578.62
1539318476, 1, 39, 428, 342, 2, 2.17%, 14, 0, 4, 2639.24
