# unix_time, cycles_done, cur_path, paths_total, pending_total, pending_favs, map_size, unique_crashes, unique_hangs, max_depth, execs_per_sec
1539297958, 0, 0, 6, 6, 5, 1.74%, 0, 0, 1, 2181.82
1539297963, 0, 0, 85, 85, 5, 1.93%, 0, 0, 2, 2358.29
1539297968, 0, 0, 313, 313, 5, 2.09%, 0, 0, 2, 2591.39
1539297973, 0, 0, 335, 335, 5, 2.11%, 0, 0, 2, 2636.27
1539297978, 0, 7, 338, 337, 61, 2.11%, 0, 0, 2, 2560.79
1539297984, 0, 7, 347, 346, 61, 2.11%, 0, 0, 3, 2696.18
1539297989, 0, 7, 356, 355, 61, 2.12%, 0, 0, 3, 2914.85
1539297994, 0, 18, 357, 355, 66, 2.12%, 0, 0, 3, 2666.88
1539297999, 0, 38, 358, 355, 66, 2.13%, 0, 0, 3, 2762.05
1539298004, 0, 38, 362, 359, 66, 2.13%, 0, 0, 3, 2894.03
1539298009, 0, 38, 369, 366, 66, 2.13%, 0, 0, 3, 2928.04
1539298014, 0, 54, 372, 368, 68, 2.13%, 0, 0, 3, 2803.72
1539298019, 0, 61, 373, 368, 68, 2.14%, 0, 0, 3, 2584.62
1539298029, 0, 65, 374, 368, 67, 2.14%, 0, 0, 3, 2413.93
1539298034, 0, 70, 374, 367, 66, 2.14%, 0, 0, 3, 2491.80
1539298039, 0, 77, 374, 366, 66, 2.14%, 0, 0, 3, 2819.58
1539298044, 0, 85, 374, 365, 65, 2.14%, 0, 0, 3, 2704.03
1539298049, 0, 90, 374, 364, 65, 2.14%, 0, 0, 3, 2616.17
1539298054, 0, 100, 374, 363, 64, 2.14%, 0, 0, 3, 2468.82
1539298059, 0, 102, 374, 362, 63, 2.14%, 0, 0, 3, 2747.96
1539298065, 0, 109, 374, 361, 62, 2.14%, 0, 0, 3, 2853.13
1539298070, 0, 121, 374, 360, 61, 2.14%, 0, 0, 3, 2789.78
1539298075, 0, 121, 378, 364, 61, 2.14%, 0, 0, 3, 2804.68
1539298080, 0, 121, 381, 367, 61, 2.14%, 1, 0, 3, 2863.34
1539298085, 0, 123, 383, 368, 63, 2.14%, 1, 0, 3, 2870.41
1539298090, 0, 123, 384, 369, 63, 2.14%, 1, 0, 3, 2768.89
1539298095, 0, 130, 384, 367, 61, 2.14%, 1, 0, 3, 2643.43
1539298100, 0, 136, 384, 366, 60, 2.14%, 1, 0, 3, 2474.73
1539298105, 0, 146, 384, 365, 59, 2.14%, 1, 0, 3, 2450.84
1539298110, 0, 163, 384, 364, 58, 2.14%, 1, 0, 3, 2575.29
1539298115, 0, 187, 384, 363, 57, 2.14%, 1, 0, 3, 2737.59
1539298126, 0, 197, 384, 361, 55, 2.14%, 1, 0, 3, 2863.87
1539298131, 0, 203, 384, 360, 54, 2.14%, 1, 0, 3, 2670.23
1539298136, 0, 220, 384, 359, 53, 2.14%, 1, 0, 3, 2628.44
1539298141, 0, 226, 384, 358, 52, 2.14%, 1, 0, 3, 2683.36
1539298146, 0, 229, 385, 358, 51, 2.14%, 1, 0, 3, 2431.22
1539298156, 0, 232, 387, 359, 50, 2.14%, 1, 0, 3, 2330.73
1539298161, 0, 240, 389, 360, 50, 2.14%, 1, 0, 3, 2326.24
1539298171, 0, 240, 396, 367, 50, 2.15%, 1, 0, 3, 2446.33
1539298176, 0, 240, 399, 370, 50, 2.15%, 3, 0, 3, 2528.48
1539298181, 0, 257, 400, 370, 52, 2.15%, 3, 0, 3, 2466.72
1539298187, 0, 259, 400, 369, 51, 2.15%, 3, 0, 3, 2434.41
1539298197, 0, 261, 400, 368, 50, 2.15%, 3, 0, 3, 2576.34
1539298202, 0, 272, 400, 367, 49, 2.15%, 3, 0, 3, 2586.30
1539298207, 0, 278, 400, 366, 48, 2.15%, 3, 0, 3, 2442.92
1539298212, 0, 280, 400, 365, 47, 2.15%, 3, 0, 3, 2444.51
1539298217, 0, 284, 401, 365, 46, 2.15%, 3, 0, 3, 2526.30
1539298222, 0, 284, 402, 366, 46, 2.15%, 3, 0, 3, 2610.74
1539298227, 0, 293, 402, 364, 46, 2.15%, 3, 0, 3, 2492.59
1539298237, 0, 296, 402, 362, 44, 2.15%, 3, 0, 3, 2522.11
1539298247, 0, 299, 402, 361, 43, 2.15%, 3, 0, 3, 2413.84
1539298252, 0, 303, 402, 360, 42, 2.15%, 3, 0, 3, 2447.95
1539298257, 0, 308, 403, 360, 41, 2.15%, 3, 0, 3, 2443.61
1539298262, 0, 311, 404, 360, 41, 2.15%, 3, 0, 3, 2431.56
1539298267, 0, 311, 405, 361, 41, 2.15%, 3, 0, 3, 2430.27
1539298272, 0, 311, 417, 373, 41, 2.16%, 3, 0, 3, 2498.65
1539298277, 0, 311, 418, 374, 41, 2.16%, 3, 0, 3, 2549.74
1539298282, 0, 312, 419, 374, 41, 2.16%, 3, 0, 3, 2470.72
1539298293, 0, 315, 419, 373, 40, 2.16%, 3, 0, 3, 2335.33
1539298298, 0, 321, 419, 372, 39, 2.16%, 3, 0, 3, 2293.16
1539298308, 0, 323, 419, 371, 38, 2.16%, 3, 0, 3, 2332.37
1539298313, 0, 326, 419, 370, 37, 2.16%, 3, 0, 3, 2387.64
1539298323, 0, 327, 419, 369, 37, 2.16%, 3, 0, 3, 2408.06
1539298328, 0, 328, 419, 368, 36, 2.16%, 3, 0, 3, 2312.82
1539298338, 0, 334, 420, 368, 35, 2.16%, 3, 0, 3, 2274.30
1539298343, 0, 335, 420, 367, 34, 2.16%, 3, 0, 3, 2236.66
1539298353, 0, 337, 420, 366, 33, 2.16%, 3, 0, 3, 2200.14
1539298364, 0, 338, 420, 365, 32, 2.16%, 3, 0, 3, 2507.41
1539298369, 0, 339, 420, 364, 31, 2.16%, 3, 0, 3, 2376.07
1539298379, 0, 341, 420, 363, 30, 2.16%, 3, 0, 3, 2264.09
1539298384, 0, 343, 420, 362, 29, 2.16%, 3, 0, 3, 2309.43
1539298394, 0, 348, 421, 362, 28, 2.16%, 3, 0, 4, 2435.12
1539298399, 0, 349, 421, 361, 27, 2.16%, 3, 0, 4, 2460.03
1539298404, 0, 350, 421, 360, 26, 2.16%, 3, 0, 4, 2402.53
1539298414, 0, 354, 421, 359, 25, 2.16%, 3, 0, 4, 2223.24
1539298419, 0, 355, 421, 358, 24, 2.16%, 3, 0, 4, 2344.46
1539298430, 0, 357, 421, 357, 23, 2.16%, 3, 0, 4, 2290.88
1539298440, 0, 360, 421, 356, 22, 2.16%, 3, 0, 4, 2281.79
1539298445, 0, 361, 421, 355, 21, 2.16%, 3, 0, 4, 2323.07
1539298450, 0, 363, 421, 354, 20, 2.16%, 3, 0, 4, 2347.50
1539298460, 0, 364, 421, 353, 19, 2.16%, 3, 0, 4, 2259.13
1539298470, 0, 367, 421, 352, 18, 2.16%, 3, 0, 4, 2433.60
1539298475, 0, 372, 421, 351, 17, 2.16%, 3, 0, 4, 2429.83
1539298480, 0, 374, 421, 350, 16, 2.16%, 3, 0, 4, 2379.00
1539298491, 0, 375, 421, 349, 15, 2.16%, 3, 0, 4, 2327.16
1539298501, 0, 377, 421, 348, 14, 2.16%, 3, 0, 4, 2462.36
1539298506, 0, 381, 422, 348, 13, 2.16%, 3, 0, 4, 2301.06
1539298511, 0, 382, 422, 347, 12, 2.16%, 3, 0, 4, 2337.17
1539298521, 0, 386, 422, 346, 11, 2.16%, 3, 0, 4, 2359.10
1539298531, 0, 388, 422, 345, 10, 2.16%, 3, 0, 4, 2242.95
1539298537, 0, 390, 422, 344, 9, 2.16%, 3, 0, 4, 2321.62
1539298547, 0, 392, 422, 343, 8, 2.16%, 3, 0, 4, 2356.21
1539298552, 0, 394, 422, 342, 7, 2.16%, 3, 0, 4, 2378.44
1539298557, 0, 398, 422, 341, 6, 2.16%, 3, 0, 4, 2363.83
