# unix_time, cycles_done, cur_path, paths_total, pending_total, pending_favs, map_size, unique_crashes, unique_hangs, max_depth, execs_per_sec
1539325724, 0, 0, 6, 6, 6, 1.49%, 0, 0, 1, 2526.32
1539325729, 0, 0, 119, 119, 6, 1.87%, 4, 0, 2, 3029.78
1539325734, 0, 0, 120, 120, 6, 1.87%, 6, 0, 2, 3172.06
1539325739, 0, 19, 122, 120, 28, 1.87%, 6, 0, 2, 3117.20
1539325744, 0, 50, 123, 117, 23, 1.87%, 7, 0, 3, 3115.49
1539325750, 0, 64, 124, 115, 20, 1.87%, 7, 0, 3, 3183.14
1539325755, 0, 71, 124, 112, 16, 1.87%, 7, 0, 3, 3075.85
1539325760, 0, 77, 124, 109, 13, 1.87%, 7, 0, 3, 3064.19
1539325765, 0, 90, 124, 106, 12, 1.87%, 7, 0, 3, 3076.49
1539325770, 0, 96, 124, 104, 10, 1.87%, 7, 0, 3, 3050.01
1539325775, 0, 110, 124, 101, 7, 1.87%, 9, 0, 3, 3083.62
1539325780, 0, 114, 124, 98, 4, 1.87%, 10, 0, 3, 3070.06
1539325785, 0, 123, 124, 95, 1, 1.87%, 10, 0, 3, 3079.86
1539325790, 1, 23, 124, 93, 1, 1.87%, 10, 0, 3, 3053.62
1539325795, 1, 38, 124, 89, 0, 1.87%, 11, 0, 3, 3102.31
1539325801, 1, 51, 124, 85, 0, 1.87%, 12, 0, 3, 3151.42
1539325806, 1, 65, 124, 82, 0, 1.87%, 12, 0, 3, 3108.53
1539325811, 1, 75, 124, 79, 0, 1.87%, 12, 0, 3, 3104.17
1539325816, 1, 87, 124, 77, 0, 1.87%, 12, 0, 3, 3058.48
1539325821, 1, 93, 124, 75, 0, 1.87%, 12, 0, 3, 3059.54
1539325826, 1, 99, 124, 73, 0, 1.87%, 14, 0, 3, 3004.06
1539325831, 1, 120, 124, 71, 0, 1.87%, 14, 0, 3, 3068.25
1539325836, 2, 20, 124, 68, 0, 1.87%, 14, 0, 3, 3069.40
1539325841, 2, 43, 124, 64, 0, 1.87%, 14, 0, 3, 3195.81
1539325846, 2, 68, 124, 62, 0, 1.87%, 15, 0, 3, 3188.10
1539325851, 2, 98, 124, 60, 0, 1.87%, 17, 0, 3, 3134.55
1539325856, 2, 113, 124, 59, 0, 1.87%, 17, 0, 3, 2897.74
1539325862, 3, 6, 124, 57, 0, 1.87%, 17, 0, 3, 3103.09
1539325867, 3, 18, 124, 54, 0, 1.87%, 17, 0, 3, 3050.85
1539325872, 3, 44, 124, 51, 0, 1.87%, 17, 0, 3, 3086.47
1539325877, 3, 60, 124, 47, 0, 1.87%, 17, 0, 3, 3144.97
1539325882, 3, 79, 124, 45, 0, 1.87%, 17, 0, 3, 3100.46
1539325887, 3, 118, 124, 44, 0, 1.87%, 17, 0, 3, 3070.96
1539325893, 4, 2, 124, 42, 0, 1.87%, 17, 0, 3, 3081.35
1539325898, 4, 12, 124, 39, 0, 1.87%, 17, 0, 3, 3071.54
1539325903, 4, 25, 124, 36, 0, 1.87%, 17, 0, 3, 3098.37
1539325908, 4, 61, 124, 33, 0, 1.87%, 17, 0, 3, 3111.38
1539325913, 4, 72, 124, 31, 0, 1.87%, 17, 0, 3, 3084.61
1539325918, 4, 101, 124, 30, 0, 1.87%, 18, 0, 3, 3058.40
1539325923, 4, 107, 124, 27, 0, 1.87%, 19, 0, 3, 3072.21
1539325929, 5, 5, 124, 26, 0, 1.87%, 19, 0, 3, 3068.34
1539325934, 5, 54, 124, 24, 0, 1.87%, 19, 0, 3, 3106.68
1539325939, 5, 104, 124, 22, 0, 1.87%, 19, 0, 3, 3154.17
1539325944, 6, 11, 124, 21, 0, 1.87%, 19, 0, 3, 3098.10
1539325949, 6, 75, 124, 19, 0, 1.87%, 20, 0, 3, 3107.93
1539325954, 6, 121, 124, 18, 0, 1.87%, 20, 0, 3, 3127.74
1539325959, 7, 80, 124, 17, 0, 1.87%, 20, 0, 3, 3135.20
1539325964, 7, 98, 124, 15, 0, 1.87%, 20, 0, 3, 3076.16
1539325970, 8, 65, 124, 14, 0, 1.87%, 20, 0, 3, 3105.10
1539325975, 8, 100, 124, 13, 0, 1.87%, 20, 0, 3, 3035.96
1539325980, 9, 49, 124, 11, 0, 1.87%, 20, 0, 3, 3095.80
1539325985, 9, 97, 124, 11, 0, 1.87%, 20, 0, 3, 3110.16
1539325990, 10, 47, 124, 9, 0, 1.87%, 20, 0, 3, 3157.00
1539325995, 10, 79, 124, 8, 0, 1.87%, 20, 0, 3, 3061.89
1539326000, 10, 95, 124, 7, 0, 1.87%, 20, 0, 3, 2920.88
1539326005, 11, 57, 124, 6, 0, 1.87%, 20, 0, 3, 2888.13
1539326011, 11, 102, 124, 6, 0, 1.87%, 20, 0, 3, 2974.42
1539326016, 11, 122, 124, 5, 0, 1.87%, 20, 0, 3, 3032.69
1539326021, 12, 88, 124, 4, 0, 1.87%, 20, 0, 3, 2897.15
1539326026, 13, 65, 124, 4, 0, 1.87%, 20, 0, 3, 3075.64
1539326031, 14, 46, 124, 4, 0, 1.87%, 20, 0, 3, 3113.85
1539326036, 14, 107, 124, 4, 0, 1.87%, 20, 0, 3, 3081.04
1539326041, 15, 59, 124, 3, 0, 1.87%, 20, 0, 3, 3094.27
1539326047, 16, 16, 124, 3, 0, 1.87%, 20, 0, 3, 3167.47
1539326052, 16, 54, 124, 1, 0, 1.87%, 20, 0, 3, 3113.06
1539326057, 17, 2, 124, 1, 0, 1.87%, 20, 0, 3, 3158.60
1539326062, 17, 88, 124, 1, 0, 1.87%, 20, 0, 3, 3161.85
1539326067, 18, 65, 124, 1, 0, 1.87%, 20, 0, 3, 3173.60
1539326072, 19, 23, 124, 1, 0, 1.87%, 20, 0, 3, 3176.49
1539326077, 19, 106, 124, 1, 0, 1.87%, 20, 0, 3, 3164.02
1539326082, 20, 64, 124, 0, 0, 1.87%, 20, 0, 3, 3140.52
1539326088, 21, 2, 124, 0, 0, 1.87%, 21, 0, 3, 3161.47
1539326093, 21, 91, 124, 0, 0, 1.87%, 21, 0, 3, 3138.90
1539326098, 22, 72, 124, 0, 0, 1.87%, 21, 0, 3, 3172.20
1539326103, 23, 49, 124, 0, 0, 1.87%, 21, 0, 3, 3187.13
1539326108, 23, 112, 124, 0, 0, 1.87%, 21, 0, 3, 3166.32
1539326113, 24, 88, 124, 0, 0, 1.87%, 21, 0, 3, 3168.19
1539326119, 25, 64, 124, 0, 0, 1.87%, 21, 0, 3, 3154.16
1539326124, 26, 47, 124, 0, 0, 1.87%, 21, 0, 3, 3165.68
1539326129, 26, 112, 124, 0, 0, 1.87%, 21, 0, 3, 3173.04
1539326134, 27, 76, 124, 0, 0, 1.87%, 21, 0, 3, 3179.00
1539326139, 28, 57, 124, 0, 0, 1.87%, 21, 0, 3, 3178.53
1539326144, 28, 112, 124, 0, 0, 1.87%, 21, 0, 3, 3149.73
1539326149, 29, 90, 124, 0, 0, 1.87%, 21, 0, 3, 3138.60
1539326155, 30, 74, 124, 0, 0, 1.87%, 21, 0, 3, 3161.62
1539326160, 31, 46, 124, 0, 0, 1.87%, 21, 0, 3, 3147.79
1539326165, 31, 107, 124, 0, 0, 1.87%, 21, 0, 3, 3154.88
1539326170, 32, 74, 124, 0, 0, 1.87%, 21, 0, 3, 3137.90
1539326175, 33, 47, 124, 0, 0, 1.87%, 21, 0, 3, 3154.56
1539326180, 33, 108, 124, 0, 0, 1.87%, 21, 0, 3, 3139.42
1539326186, 34, 76, 124, 0, 0, 1.87%, 21, 0, 3, 3159.47
1539326191, 35, 57, 124, 0, 0, 1.87%, 21, 0, 3, 3139.44
1539326196, 36, 2, 124, 0, 0, 1.87%, 21, 0, 3, 3124.32
1539326201, 36, 79, 124, 0, 0, 1.87%, 21, 0, 3, 3118.78
1539326206, 37, 63, 124, 0, 0, 1.87%, 21, 0, 3, 3161.16
1539326211, 38, 46, 124, 0, 0, 1.87%, 21, 0, 3, 3164.62
1539326217, 38, 106, 124, 0, 0, 1.87%, 21, 0, 3, 3157.13
1539326222, 39, 86, 124, 0, 0, 1.87%, 21, 0, 3, 3162.85
1539326227, 40, 60, 124, 0, 0, 1.87%, 21, 0, 3, 3196.80
1539326232, 41, 2, 124, 0, 0, 1.87%, 21, 0, 3, 3158.39
1539326237, 41, 91, 124, 0, 0, 1.87%, 21, 0, 3, 3154.76
1539326242, 42, 74, 124, 0, 0, 1.87%, 21, 0, 3, 3168.76
1539326247, 43, 49, 124, 0, 0, 1.87%, 21, 0, 3, 3172.58
1539326253, 43, 121, 124, 0, 0, 1.87%, 21, 0, 3, 3169.08
1539326258, 44, 90, 124, 0, 0, 1.87%, 21, 0, 3, 3155.31
1539326263, 45, 74, 124, 0, 0, 1.87%, 21, 0, 3, 3085.52
1539326268, 46, 59, 124, 0, 0, 1.87%, 21, 0, 3, 3126.95
1539326273, 47, 2, 124, 0, 0, 1.87%, 21, 0, 3, 3144.13
1539326278, 47, 104, 124, 0, 0, 1.87%, 21, 0, 3, 3062.38
1539326284, 48, 79, 124, 0, 0, 1.87%, 21, 0, 3, 3149.69
1539326289, 49, 49, 124, 0, 0, 1.87%, 21, 0, 3, 3029.67
1539326294, 49, 104, 124, 0, 0, 1.87%, 21, 0, 3, 3034.64
1539326299, 50, 72, 124, 0, 0, 1.87%, 21, 0, 3, 3076.33
1539326304, 51, 21, 124, 0, 0, 1.87%, 21, 0, 3, 3144.40
1539326309, 51, 106, 124, 0, 0, 1.87%, 21, 0, 3, 3157.25
1539326314, 52, 74, 124, 0, 0, 1.87%, 21, 0, 3, 3169.56
1539326320, 53, 49, 124, 0, 0, 1.87%, 21, 0, 3, 3168.79
