# unix_time, cycles_done, cur_path, paths_total, pending_total, pending_favs, map_size, unique_crashes, unique_hangs, max_depth, execs_per_sec
1539316066, 0, 0, 6, 6, 5, 1.74%, 0, 0, 1, 2400.00
1539316072, 0, 0, 104, 104, 5, 1.98%, 0, 0, 2, 2658.34
1539316077, 0, 0, 321, 321, 5, 2.09%, 0, 0, 2, 2853.35
1539316082, 0, 40, 340, 339, 67, 2.10%, 0, 0, 2, 2904.87
1539316087, 0, 40, 345, 344, 67, 2.10%, 0, 0, 3, 2945.78
1539316092, 0, 40, 356, 355, 67, 2.11%, 1, 0, 3, 2913.82
1539316097, 0, 40, 375, 374, 67, 2.12%, 1, 0, 3, 2877.61
1539316102, 0, 42, 375, 373, 73, 2.12%, 1, 0, 3, 2826.50
1539316107, 0, 49, 375, 372, 72, 2.12%, 1, 0, 3, 2621.67
1539316112, 0, 56, 375, 371, 71, 2.12%, 1, 0, 3, 2640.66
1539316117, 0, 58, 375, 370, 70, 2.12%, 1, 0, 3, 2822.59
1539316122, 0, 67, 375, 369, 69, 2.12%, 1, 0, 3, 2688.15
1539316127, 0, 67, 382, 376, 69, 2.13%, 1, 0, 3, 2808.88
1539316132, 0, 67, 389, 383, 69, 2.13%, 1, 0, 3, 2906.84
1539316137, 0, 70, 389, 382, 67, 2.13%, 1, 0, 3, 2909.02
1539316142, 0, 76, 389, 381, 66, 2.13%, 1, 0, 3, 2936.21
1539316147, 0, 79, 390, 381, 65, 2.13%, 1, 0, 3, 2993.22
1539316152, 0, 85, 390, 380, 64, 2.13%, 1, 0, 3, 2747.45
1539316157, 0, 90, 390, 379, 65, 2.13%, 1, 0, 3, 2639.87
1539316163, 0, 92, 390, 378, 64, 2.13%, 1, 0, 3, 2617.75
1539316168, 0, 92, 398, 386, 64, 2.14%, 1, 0, 3, 2829.73
1539316173, 0, 92, 401, 389, 64, 2.14%, 1, 0, 3, 2904.86
1539316178, 0, 93, 401, 388, 64, 2.14%, 1, 0, 3, 2788.45
1539316183, 0, 100, 401, 387, 63, 2.14%, 1, 0, 3, 2711.51
1539316188, 0, 102, 401, 386, 62, 2.14%, 1, 0, 3, 2674.33
1539316193, 0, 103, 401, 385, 61, 2.14%, 1, 0, 3, 2826.34
1539316198, 0, 111, 401, 384, 60, 2.14%, 1, 0, 3, 2696.68
1539316203, 0, 130, 401, 383, 59, 2.14%, 1, 0, 3, 2843.14
1539316208, 0, 145, 401, 381, 59, 2.14%, 1, 0, 3, 3056.04
1539316213, 0, 152, 401, 379, 57, 2.14%, 1, 0, 3, 3052.57
1539316218, 0, 156, 401, 378, 56, 2.14%, 1, 0, 3, 2777.05
1539316223, 0, 157, 402, 378, 56, 2.14%, 1, 0, 3, 2861.49
1539316228, 0, 160, 403, 378, 55, 2.14%, 1, 0, 3, 2915.51
1539316233, 0, 165, 403, 377, 54, 2.14%, 1, 0, 3, 2862.37
1539316238, 0, 168, 403, 376, 53, 2.14%, 1, 0, 3, 3017.61
1539316244, 0, 173, 403, 375, 52, 2.14%, 1, 0, 3, 2923.84
1539316249, 0, 190, 403, 374, 51, 2.14%, 1, 0, 3, 2841.53
1539316254, 0, 193, 403, 373, 50, 2.14%, 1, 0, 3, 2796.99
1539316259, 0, 198, 403, 372, 49, 2.14%, 1, 0, 3, 2727.04
1539316264, 0, 198, 407, 376, 49, 2.14%, 2, 0, 3, 2839.62
1539316269, 0, 198, 411, 380, 49, 2.15%, 2, 0, 3, 2903.71
1539316274, 0, 208, 413, 381, 49, 2.15%, 2, 0, 3, 2754.80
1539316279, 0, 209, 413, 380, 48, 2.15%, 2, 0, 3, 2876.88
1539316284, 0, 217, 413, 379, 47, 2.15%, 2, 0, 3, 3085.50
1539316289, 0, 222, 413, 378, 46, 2.15%, 2, 0, 3, 2843.43
1539316294, 0, 227, 413, 377, 45, 2.15%, 2, 0, 3, 2674.41
1539316299, 0, 228, 413, 376, 44, 2.15%, 2, 0, 3, 2730.73
1539316305, 0, 230, 413, 375, 44, 2.15%, 2, 0, 3, 2709.14
1539316310, 0, 236, 413, 374, 43, 2.15%, 2, 0, 3, 2617.89
1539316315, 0, 240, 415, 375, 43, 2.15%, 2, 0, 3, 2649.31
1539316325, 0, 243, 415, 374, 42, 2.15%, 2, 0, 3, 2657.35
1539316330, 0, 257, 415, 373, 41, 2.15%, 2, 0, 3, 2638.80
1539316335, 0, 260, 415, 372, 40, 2.15%, 2, 0, 3, 2556.56
1539316345, 0, 262, 415, 371, 39, 2.15%, 2, 0, 3, 2637.08
1539316350, 0, 265, 415, 370, 38, 2.15%, 2, 0, 3, 2610.39
1539316356, 0, 276, 415, 369, 38, 2.15%, 2, 0, 3, 2852.24
1539316361, 0, 282, 415, 368, 38, 2.15%, 2, 0, 3, 2762.81
1539316366, 0, 285, 415, 367, 37, 2.15%, 2, 0, 3, 2716.43
1539316371, 0, 287, 415, 366, 36, 2.15%, 2, 0, 3, 2924.54
1539316376, 0, 292, 415, 365, 35, 2.15%, 2, 0, 3, 2801.15
1539316381, 0, 294, 415, 364, 34, 2.15%, 2, 0, 3, 2701.53
1539316386, 0, 308, 417, 365, 33, 2.15%, 2, 0, 3, 2682.01
1539316391, 0, 312, 417, 364, 32, 2.15%, 2, 0, 3, 2707.63
1539316396, 0, 313, 417, 363, 31, 2.15%, 2, 0, 3, 2656.49
1539316401, 0, 314, 417, 362, 30, 2.15%, 2, 0, 3, 2588.01
1539316412, 0, 324, 420, 363, 30, 2.15%, 2, 0, 3, 2859.70
1539316422, 0, 329, 421, 363, 29, 2.15%, 2, 0, 3, 2814.94
1539316427, 0, 331, 421, 362, 28, 2.15%, 2, 0, 3, 2612.53
1539316432, 0, 339, 423, 363, 27, 2.15%, 2, 0, 3, 2666.32
1539316437, 0, 341, 423, 362, 27, 2.15%, 2, 0, 3, 2655.25
1539316442, 0, 343, 424, 362, 26, 2.15%, 2, 0, 4, 2755.53
1539316447, 0, 346, 424, 361, 25, 2.15%, 2, 0, 4, 2756.26
1539316457, 0, 355, 424, 360, 24, 2.15%, 2, 0, 4, 2459.21
1539316462, 0, 356, 424, 359, 23, 2.15%, 2, 0, 4, 2507.59
1539316472, 0, 359, 425, 359, 22, 2.15%, 2, 0, 4, 2796.69
1539316477, 0, 362, 425, 358, 21, 2.15%, 2, 0, 4, 2555.84
1539316482, 0, 364, 426, 358, 20, 2.15%, 2, 0, 4, 2374.60
1539316487, 0, 369, 426, 357, 20, 2.15%, 2, 0, 4, 2460.30
1539316497, 0, 370, 426, 356, 19, 2.15%, 3, 0, 4, 2513.77
1539316502, 0, 373, 426, 355, 18, 2.15%, 3, 0, 4, 2459.45
1539316513, 0, 374, 426, 354, 17, 2.15%, 3, 0, 4, 2421.58
1539316523, 0, 375, 427, 354, 16, 2.15%, 3, 0, 4, 2705.18
1539316528, 0, 378, 427, 353, 15, 2.15%, 3, 0, 4, 2540.51
1539316533, 0, 380, 428, 353, 14, 2.15%, 3, 0, 4, 2513.76
1539316538, 0, 384, 429, 353, 15, 2.15%, 3, 0, 4, 2559.89
1539316548, 0, 386, 429, 352, 14, 2.15%, 3, 0, 4, 2503.96
1539316553, 0, 388, 429, 351, 13, 2.15%, 3, 0, 4, 2497.20
1539316563, 0, 391, 429, 350, 12, 2.15%, 3, 0, 4, 2476.95
1539316568, 0, 400, 429, 349, 11, 2.15%, 3, 0, 4, 2527.36
1539316578, 0, 401, 429, 348, 10, 2.15%, 3, 0, 4, 2417.99
1539316584, 0, 407, 430, 348, 10, 2.15%, 3, 0, 4, 2676.71
1539316589, 0, 413, 430, 347, 9, 2.15%, 3, 0, 4, 2517.17
1539316594, 0, 417, 430, 346, 8, 2.15%, 3, 0, 4, 2607.93
1539316599, 0, 418, 430, 345, 7, 2.15%, 3, 0, 4, 2878.72
1539316604, 0, 421, 430, 344, 6, 2.15%, 3, 0, 4, 2801.97
1539316609, 0, 422, 431, 344, 5, 2.15%, 3, 0, 4, 2677.98
1539316614, 0, 425, 431, 343, 5, 2.15%, 3, 0, 4, 2804.89
1539316624, 0, 427, 431, 342, 4, 2.15%, 3, 0, 4, 2532.63
1539316629, 0, 428, 432, 342, 3, 2.15%, 3, 0, 5, 2634.77
1539316639, 0, 429, 434, 343, 2, 2.16%, 3, 0, 5, 2523.12
1539316644, 0, 430, 434, 342, 2, 2.16%, 3, 0, 5, 2695.82
1539316649, 0, 433, 434, 341, 1, 2.16%, 3, 0, 5, 2821.39
1539316659, 1, 7, 434, 339, 0, 2.16%, 3, 0, 5, 2846.36
1539316664, 1, 14, 436, 340, 0, 2.16%, 3, 0, 5, 2786.39
