# unix_time, cycles_done, cur_path, paths_total, pending_total, pending_favs, map_size, unique_crashes, unique_hangs, max_depth, execs_per_sec
1539296750, 0, 0, 6, 6, 6, 1.49%, 0, 0, 1, 2666.67
1539296756, 0, 0, 120, 120, 6, 1.88%, 14, 0, 2, 3126.78
1539296761, 0, 0, 122, 122, 6, 1.88%, 16, 0, 2, 3245.53
1539296766, 0, 35, 123, 119, 25, 1.88%, 16, 0, 3, 3215.11
1539296771, 0, 42, 123, 117, 23, 1.88%, 16, 0, 3, 3124.38
1539296776, 0, 56, 123, 114, 20, 1.88%, 16, 0, 3, 3142.00
1539296781, 0, 64, 123, 111, 17, 1.88%, 18, 0, 3, 3141.23
1539296786, 0, 78, 123, 108, 14, 1.88%, 20, 0, 3, 3141.80
1539296791, 0, 94, 123, 105, 11, 1.88%, 20, 0, 3, 3142.25
1539296797, 0, 102, 123, 102, 9, 1.88%, 21, 0, 3, 3096.79
1539296802, 0, 106, 123, 100, 7, 1.88%, 21, 0, 3, 3070.87
1539296807, 0, 113, 123, 97, 5, 1.88%, 21, 0, 3, 3097.91
1539296812, 1, 18, 123, 94, 1, 1.88%, 21, 0, 3, 3136.61
1539296817, 1, 23, 123, 91, 0, 1.88%, 21, 0, 3, 3146.10
1539296822, 1, 43, 123, 87, 0, 1.88%, 21, 0, 3, 3310.93
1539296827, 1, 51, 123, 84, 0, 1.88%, 21, 0, 3, 3175.73
1539296832, 1, 65, 123, 81, 0, 1.88%, 21, 0, 3, 3185.38
1539296837, 1, 75, 123, 78, 0, 1.88%, 21, 0, 3, 3106.56
1539296842, 1, 83, 123, 76, 0, 1.88%, 22, 0, 3, 3119.07
1539296847, 1, 93, 123, 73, 0, 1.88%, 22, 0, 3, 3209.21
1539296853, 1, 109, 123, 70, 0, 1.88%, 22, 0, 3, 3127.46
1539296858, 2, 4, 124, 68, 0, 1.88%, 22, 0, 3, 3127.94
1539296863, 2, 14, 124, 65, 0, 1.88%, 22, 0, 3, 3132.93
1539296868, 2, 38, 124, 62, 0, 1.88%, 22, 0, 3, 3179.72
1539296873, 2, 84, 124, 58, 0, 1.88%, 22, 0, 3, 3199.51
1539296878, 3, 73, 124, 55, 0, 1.88%, 22, 0, 3, 3237.54
1539296883, 3, 88, 124, 53, 0, 1.88%, 22, 0, 3, 3170.89
1539296888, 3, 91, 124, 51, 0, 1.88%, 22, 0, 3, 3158.04
1539296894, 3, 121, 124, 50, 0, 1.88%, 22, 0, 3, 3128.71
1539296899, 4, 27, 124, 47, 0, 1.88%, 22, 0, 3, 3116.93
1539296904, 4, 50, 124, 44, 0, 1.88%, 22, 0, 3, 3131.00
1539296909, 4, 55, 124, 42, 0, 1.88%, 22, 0, 3, 3094.84
1539296914, 4, 74, 124, 40, 0, 1.88%, 22, 0, 3, 3192.98
1539296919, 4, 108, 124, 38, 0, 1.88%, 22, 0, 3, 3121.61
1539296924, 4, 123, 124, 36, 0, 1.88%, 22, 0, 3, 3126.29
1539296929, 5, 56, 124, 34, 0, 1.88%, 22, 0, 3, 3182.16
1539296934, 5, 97, 124, 33, 0, 1.88%, 23, 0, 3, 3200.40
1539296940, 5, 111, 124, 32, 0, 1.88%, 23, 0, 3, 3114.56
1539296945, 5, 120, 124, 29, 0, 1.88%, 23, 0, 3, 3072.22
1539296950, 6, 24, 124, 27, 0, 1.88%, 23, 0, 3, 3131.42
1539296955, 6, 49, 124, 24, 0, 1.88%, 23, 0, 3, 3162.20
1539296960, 6, 95, 124, 23, 0, 1.88%, 23, 0, 3, 3037.27
1539296965, 6, 105, 124, 22, 0, 1.88%, 23, 0, 3, 2853.50
1539296970, 7, 16, 124, 20, 0, 1.88%, 23, 0, 3, 2853.48
1539296975, 7, 35, 124, 17, 0, 1.88%, 23, 0, 3, 3024.57
1539296980, 7, 86, 124, 16, 0, 1.88%, 23, 0, 3, 3092.06
1539296985, 7, 118, 124, 15, 0, 1.88%, 23, 0, 3, 3049.05
1539296990, 8, 12, 124, 13, 0, 1.88%, 23, 0, 3, 3036.05
1539296995, 8, 68, 124, 11, 0, 1.88%, 23, 0, 3, 2948.29
1539297001, 8, 112, 124, 10, 0, 1.88%, 23, 0, 3, 2941.02
1539297006, 9, 60, 124, 9, 0, 1.88%, 23, 0, 3, 3040.47
1539297011, 9, 110, 124, 8, 0, 1.88%, 23, 0, 3, 3057.64
1539297016, 10, 39, 124, 7, 0, 1.88%, 23, 0, 3, 3165.78
1539297021, 10, 69, 124, 5, 0, 1.88%, 23, 0, 3, 2965.54
1539297026, 10, 123, 124, 4, 0, 1.88%, 23, 0, 3, 2911.00
1539297031, 11, 56, 124, 2, 0, 1.88%, 23, 0, 3, 2954.17
1539297037, 11, 120, 124, 2, 0, 1.88%, 23, 0, 3, 3092.60
1539297042, 12, 86, 124, 2, 0, 1.88%, 23, 0, 3, 2925.27
1539297047, 12, 122, 124, 2, 0, 1.88%, 23, 0, 3, 2856.48
1539297052, 13, 82, 124, 1, 0, 1.88%, 23, 0, 3, 2923.37
1539297057, 14, 41, 124, 1, 0, 1.88%, 23, 0, 3, 2849.58
1539297062, 14, 114, 124, 1, 0, 1.88%, 23, 0, 3, 2887.54
1539297067, 15, 78, 124, 1, 0, 1.88%, 23, 0, 3, 2847.96
1539297073, 16, 35, 124, 1, 0, 1.88%, 23, 0, 3, 2985.38
1539297078, 16, 110, 124, 1, 0, 1.88%, 23, 0, 3, 3144.76
1539297083, 17, 68, 124, 1, 0, 1.88%, 23, 0, 3, 3185.17
1539297088, 17, 119, 124, 1, 0, 1.88%, 23, 0, 3, 3148.08
1539297093, 18, 88, 124, 0, 0, 1.88%, 23, 0, 3, 3181.88
1539297098, 19, 45, 124, 0, 0, 1.88%, 23, 0, 3, 3184.63
1539297103, 19, 123, 124, 0, 0, 1.88%, 23, 0, 3, 3196.30
1539297109, 20, 98, 124, 0, 0, 1.88%, 23, 0, 3, 3223.50
1539297114, 21, 78, 124, 0, 0, 1.88%, 23, 0, 3, 3230.38
1539297119, 22, 35, 124, 0, 0, 1.88%, 23, 0, 3, 3232.61
1539297124, 22, 117, 124, 0, 0, 1.88%, 23, 0, 3, 3216.51
1539297129, 23, 78, 124, 0, 0, 1.88%, 23, 0, 3, 3208.51
1539297134, 24, 49, 124, 0, 0, 1.88%, 23, 0, 3, 3228.97
1539297140, 25, 3, 124, 0, 0, 1.88%, 23, 0, 3, 3225.53
1539297145, 25, 108, 124, 0, 0, 1.88%, 23, 0, 3, 3206.91
1539297150, 26, 64, 124, 0, 0, 1.88%, 23, 0, 3, 3187.69
1539297155, 27, 10, 124, 0, 0, 1.88%, 23, 0, 3, 3210.33
1539297160, 27, 101, 124, 0, 0, 1.88%, 23, 0, 3, 3191.51
1539297165, 28, 68, 124, 0, 0, 1.88%, 23, 0, 3, 3190.32
1539297170, 29, 35, 124, 0, 0, 1.88%, 23, 0, 3, 3208.39
1539297176, 29, 120, 124, 0, 0, 1.88%, 23, 0, 3, 3205.44
1539297181, 30, 75, 124, 0, 0, 1.88%, 23, 0, 3, 3245.42
1539297186, 31, 41, 124, 0, 0, 1.88%, 23, 0, 3, 3226.05
1539297191, 32, 3, 124, 0, 0, 1.88%, 23, 0, 3, 3227.69
1539297196, 32, 98, 124, 0, 0, 1.88%, 23, 0, 3, 3237.71
1539297201, 33, 56, 124, 0, 0, 1.88%, 24, 0, 3, 3239.52
1539297207, 34, 1, 124, 0, 0, 1.88%, 24, 0, 3, 3155.28
1539297212, 34, 98, 124, 0, 0, 1.88%, 24, 0, 3, 3198.01
1539297217, 35, 71, 124, 0, 0, 1.88%, 24, 0, 3, 3208.92
1539297222, 36, 18, 124, 0, 0, 1.88%, 24, 0, 3, 3184.55
1539297227, 36, 110, 124, 0, 0, 1.88%, 24, 0, 3, 3192.99
1539297232, 37, 75, 124, 0, 0, 1.88%, 24, 0, 3, 3201.85
1539297238, 38, 49, 124, 0, 0, 1.88%, 24, 0, 3, 3213.49
1539297243, 38, 122, 124, 0, 0, 1.88%, 24, 0, 3, 3220.64
1539297248, 39, 97, 124, 0, 0, 1.88%, 24, 0, 3, 3218.60
1539297253, 40, 68, 124, 0, 0, 1.88%, 24, 0, 3, 3221.89
1539297258, 41, 40, 124, 0, 0, 1.88%, 24, 0, 3, 3225.63
1539297263, 41, 114, 124, 0, 0, 1.88%, 24, 0, 3, 3237.51
1539297268, 42, 75, 124, 0, 0, 1.88%, 24, 0, 3, 3225.71
1539297274, 43, 34, 124, 0, 0, 1.88%, 24, 0, 3, 3229.81
1539297279, 43, 119, 124, 0, 0, 1.88%, 24, 0, 3, 3200.43
1539297284, 44, 77, 124, 0, 0, 1.88%, 24, 0, 3, 3232.36
1539297289, 45, 35, 124, 0, 0, 1.88%, 24, 0, 3, 3210.74
1539297294, 45, 122, 124, 0, 0, 1.88%, 24, 0, 3, 3206.81
1539297299, 46, 92, 124, 0, 0, 1.88%, 24, 0, 3, 2903.97
1539297305, 47, 57, 124, 0, 0, 1.88%, 24, 0, 3, 2955.23
1539297310, 47, 123, 124, 0, 0, 1.88%, 24, 0, 3, 2808.03
1539297315, 48, 97, 124, 0, 0, 1.88%, 24, 0, 3, 2825.07
1539297320, 49, 60, 124, 0, 0, 1.88%, 24, 0, 3, 2936.52
1539297325, 50, 10, 124, 0, 0, 1.88%, 24, 0, 3, 2910.21
1539297330, 50, 98, 124, 0, 0, 1.88%, 24, 0, 3, 2848.87
1539297335, 51, 59, 124, 0, 0, 1.88%, 24, 0, 3, 2841.43
1539297341, 52, 2, 124, 0, 0, 1.88%, 24, 0, 3, 2805.30
1539297346, 52, 85, 124, 0, 0, 1.88%, 24, 0, 3, 2852.19
