# unix_time, cycles_done, cur_path, paths_total, pending_total, pending_favs, map_size, unique_crashes, unique_hangs, max_depth, execs_per_sec
1539322706, 0, 0, 6, 6, 6, 1.19%, 0, 0, 1, 2400.00
1539322711, 0, 0, 112, 112, 6, 1.31%, 0, 0, 2, 2928.84
1539322716, 0, 0, 207, 207, 6, 1.39%, 0, 0, 2, 2976.01
1539322721, 0, 0, 224, 224, 6, 1.40%, 0, 0, 2, 3016.92
1539322726, 0, 1, 226, 225, 35, 1.40%, 0, 0, 2, 2786.77
1539322731, 0, 1, 241, 240, 35, 1.41%, 0, 0, 2, 2762.15
1539322736, 0, 1, 251, 250, 35, 1.41%, 0, 0, 2, 2809.54
1539322742, 0, 25, 256, 254, 34, 1.41%, 0, 0, 2, 2704.30
1539322747, 0, 44, 256, 253, 33, 1.41%, 0, 0, 2, 2798.46
1539322757, 0, 45, 256, 252, 32, 1.41%, 0, 0, 2, 2967.98
1539322762, 0, 55, 256, 251, 31, 1.41%, 0, 0, 2, 3020.16
1539322767, 0, 61, 256, 250, 30, 1.41%, 0, 0, 2, 3053.49
1539322772, 0, 62, 257, 250, 29, 1.41%, 0, 0, 3, 3032.95
1539322777, 0, 80, 257, 248, 27, 1.41%, 0, 0, 3, 3110.15
1539322782, 0, 116, 257, 246, 25, 1.41%, 0, 0, 3, 2988.69
1539322787, 0, 116, 259, 248, 25, 1.41%, 0, 0, 3, 2823.89
1539322792, 0, 127, 260, 248, 25, 1.41%, 0, 0, 3, 2833.19
1539322797, 0, 137, 260, 247, 24, 1.41%, 0, 0, 3, 3014.18
1539322802, 0, 140, 260, 246, 23, 1.41%, 0, 0, 3, 3016.08
1539322808, 0, 144, 260, 245, 22, 1.41%, 0, 0, 3, 2820.81
1539322813, 0, 147, 260, 244, 21, 1.41%, 0, 0, 3, 2731.31
1539322823, 0, 153, 261, 244, 20, 1.41%, 0, 0, 3, 2781.05
1539322828, 0, 157, 261, 243, 19, 1.41%, 0, 0, 3, 2826.94
1539322838, 0, 158, 267, 248, 18, 1.45%, 0, 0, 3, 2793.59
1539322843, 0, 158, 268, 249, 18, 1.45%, 0, 0, 3, 2750.12
1539322848, 0, 160, 269, 249, 21, 1.45%, 0, 0, 3, 2819.49
1539322853, 0, 161, 272, 251, 20, 1.46%, 0, 0, 3, 2891.69
1539322858, 0, 180, 272, 250, 19, 1.46%, 0, 0, 3, 2881.56
1539322863, 0, 181, 272, 249, 18, 1.46%, 0, 0, 3, 2905.02
1539322874, 0, 181, 281, 258, 18, 1.46%, 0, 0, 3, 2948.00
1539322879, 0, 181, 282, 259, 18, 1.47%, 0, 0, 3, 3008.92
1539322884, 0, 188, 282, 258, 21, 1.47%, 0, 0, 3, 2908.55
1539322889, 0, 190, 282, 257, 20, 1.47%, 0, 0, 3, 2914.15
1539322894, 0, 199, 282, 256, 19, 1.47%, 0, 0, 3, 2807.65
1539322899, 0, 204, 282, 255, 18, 1.47%, 0, 0, 3, 2766.90
1539322909, 0, 204, 287, 260, 18, 1.47%, 0, 0, 3, 2930.58
1539322919, 0, 207, 288, 260, 18, 1.59%, 0, 0, 3, 2845.83
1539322924, 0, 218, 288, 259, 17, 1.59%, 0, 0, 3, 2795.82
1539322934, 0, 219, 288, 258, 16, 1.59%, 0, 0, 3, 2835.17
1539322939, 0, 220, 291, 260, 15, 1.70%, 0, 0, 3, 2961.29
1539322944, 0, 220, 292, 261, 15, 1.70%, 0, 0, 3, 2914.25
1539322949, 0, 220, 307, 276, 15, 1.80%, 0, 0, 3, 2984.38
1539322955, 0, 220, 319, 288, 15, 1.82%, 0, 0, 3, 3020.90
1539322960, 0, 232, 321, 289, 36, 1.83%, 0, 0, 3, 2950.41
1539322965, 0, 233, 321, 288, 35, 1.83%, 0, 0, 3, 2830.47
1539322975, 0, 240, 322, 288, 34, 1.83%, 0, 0, 3, 2623.68
1539322985, 0, 257, 323, 288, 33, 1.83%, 0, 0, 3, 2687.85
1539322990, 0, 259, 323, 287, 33, 1.83%, 0, 0, 3, 2734.17
1539323000, 0, 265, 324, 287, 32, 1.83%, 0, 0, 4, 2726.01
1539323005, 0, 266, 336, 298, 32, 1.85%, 0, 0, 4, 2791.54
1539323010, 0, 266, 341, 303, 32, 1.86%, 0, 0, 4, 2720.34
1539323015, 0, 268, 341, 302, 45, 1.86%, 0, 0, 4, 2807.86
1539323020, 0, 269, 341, 301, 44, 1.86%, 0, 0, 4, 2855.97
1539323025, 0, 272, 341, 300, 43, 1.86%, 0, 0, 4, 2862.93
1539323036, 0, 273, 342, 300, 42, 1.86%, 0, 0, 4, 2792.45
1539323041, 0, 279, 342, 299, 41, 1.86%, 0, 0, 4, 2878.11
1539323051, 0, 281, 344, 300, 40, 1.86%, 0, 0, 4, 2785.70
1539323061, 0, 287, 353, 308, 40, 1.87%, 0, 0, 4, 2899.63
1539323066, 0, 290, 353, 307, 41, 1.87%, 0, 0, 4, 2881.22
1539323071, 0, 292, 353, 306, 40, 1.87%, 0, 0, 4, 2796.28
1539323081, 0, 293, 353, 305, 39, 1.87%, 0, 0, 4, 2830.26
1539323086, 0, 295, 359, 310, 38, 1.89%, 0, 0, 4, 2883.26
1539323097, 0, 295, 372, 323, 38, 1.92%, 0, 0, 4, 2887.26
1539323102, 0, 295, 378, 329, 38, 1.95%, 0, 0, 4, 2861.45
1539323107, 0, 300, 382, 332, 46, 1.96%, 0, 0, 4, 2709.14
1539323112, 0, 300, 392, 342, 46, 1.96%, 0, 0, 4, 2702.11
1539323117, 0, 300, 407, 357, 46, 1.97%, 0, 0, 4, 2764.21
1539323122, 0, 300, 415, 365, 46, 1.97%, 0, 0, 4, 2868.25
1539323127, 0, 301, 415, 364, 46, 1.97%, 0, 0, 4, 2814.32
1539323132, 0, 302, 415, 363, 45, 1.97%, 0, 0, 4, 2864.27
1539323137, 0, 303, 415, 362, 44, 1.97%, 0, 0, 4, 2895.46
1539323147, 0, 306, 416, 362, 43, 1.97%, 0, 0, 4, 2870.58
1539323152, 0, 307, 422, 367, 44, 1.97%, 0, 0, 4, 2797.42
1539323162, 0, 309, 423, 367, 43, 1.97%, 0, 0, 4, 2848.00
1539323167, 0, 312, 431, 374, 44, 1.98%, 0, 0, 4, 2838.90
1539323173, 0, 312, 433, 376, 44, 1.98%, 0, 0, 4, 2656.45
1539323178, 0, 313, 436, 378, 44, 1.98%, 0, 0, 4, 2731.41
1539323183, 0, 314, 436, 377, 43, 1.98%, 0, 0, 4, 2811.28
1539323193, 0, 316, 437, 377, 42, 1.98%, 0, 0, 4, 2719.68
1539323203, 0, 317, 437, 376, 42, 1.98%, 0, 0, 4, 2778.42
1539323208, 0, 324, 437, 375, 41, 1.98%, 0, 0, 4, 2882.60
1539323213, 0, 325, 437, 374, 40, 1.98%, 0, 0, 4, 2788.75
1539323223, 0, 327, 437, 373, 39, 1.98%, 0, 0, 4, 2808.62
1539323228, 0, 328, 437, 372, 38, 1.98%, 0, 0, 4, 2795.65
1539323233, 0, 328, 438, 373, 38, 1.98%, 0, 0, 5, 2912.87
1539323238, 0, 329, 438, 372, 37, 1.98%, 0, 0, 5, 2953.39
1539323243, 0, 330, 438, 371, 36, 1.98%, 0, 0, 5, 2945.54
1539323248, 0, 331, 439, 371, 35, 1.98%, 0, 0, 5, 2890.06
1539323258, 0, 332, 439, 370, 35, 1.98%, 0, 0, 5, 2852.35
1539323263, 0, 334, 440, 370, 34, 1.99%, 0, 0, 5, 2809.86
1539323273, 0, 335, 440, 369, 34, 1.99%, 0, 0, 5, 2933.03
1539323278, 0, 338, 440, 368, 33, 1.99%, 0, 0, 5, 2924.49
1539323284, 0, 343, 440, 367, 32, 1.99%, 0, 0, 5, 2872.95
1539323294, 0, 345, 440, 366, 31, 1.99%, 0, 0, 5, 2729.73
1539323304, 0, 348, 440, 365, 30, 1.99%, 0, 0, 5, 2967.26
