# unix_time, cycles_done, cur_path, paths_total, pending_total, pending_favs, map_size, unique_crashes, unique_hangs, max_depth, execs_per_sec
1539386279, 0, 0, 1, 1, 1, 0.55%, 0, 0, 1, 2000.00
1539386284, 0, 0, 107, 107, 1, 1.88%, 19, 0, 2, 3113.63
1539386289, 0, 0, 109, 109, 1, 1.88%, 19, 0, 2, 3429.16
1539386294, 0, 28, 111, 107, 23, 1.88%, 20, 0, 3, 3106.06
1539386299, 0, 41, 111, 104, 21, 1.88%, 20, 0, 3, 3167.51
1539386304, 0, 50, 111, 101, 18, 1.88%, 20, 0, 3, 3266.39
1539386309, 0, 54, 111, 98, 15, 1.88%, 20, 0, 3, 3236.25
1539386314, 0, 62, 111, 95, 12, 1.88%, 20, 0, 3, 3024.12
1539386319, 0, 68, 111, 92, 9, 1.88%, 20, 0, 3, 3019.75
1539386324, 0, 79, 111, 90, 7, 1.88%, 20, 0, 3, 3001.95
1539386329, 0, 88, 111, 87, 5, 1.88%, 21, 0, 3, 3103.77
1539386334, 0, 104, 112, 85, 3, 1.88%, 21, 0, 3, 3128.18
1539386339, 1, 3, 112, 82, 0, 1.88%, 21, 0, 3, 3249.37
1539386345, 1, 17, 112, 75, 0, 1.88%, 21, 0, 3, 3505.97
1539386350, 1, 27, 112, 71, 0, 1.88%, 21, 0, 3, 3396.96
1539386355, 1, 44, 112, 67, 0, 1.88%, 21, 0, 3, 3407.35
1539386360, 1, 65, 112, 64, 0, 1.88%, 21, 0, 3, 3187.85
1539386365, 1, 80, 112, 62, 0, 1.88%, 21, 0, 3, 3235.06
1539386370, 1, 85, 112, 59, 0, 1.88%, 21, 0, 3, 3201.35
1539386375, 1, 109, 112, 56, 0, 1.88%, 21, 0, 3, 3203.93
1539386380, 2, 36, 112, 53, 0, 1.88%, 21, 0, 3, 3316.74
1539386385, 2, 47, 113, 52, 0, 1.88%, 21, 0, 3, 3394.61
1539386390, 2, 67, 113, 50, 0, 1.88%, 21, 0, 3, 3296.75
1539386395, 2, 72, 113, 47, 0, 1.88%, 21, 0, 3, 3273.65
1539386401, 2, 94, 113, 44, 0, 1.88%, 21, 0, 3, 3272.51
1539386406, 2, 102, 113, 42, 0, 1.88%, 21, 0, 3, 2993.65
1539386411, 2, 109, 113, 40, 0, 1.88%, 21, 0, 3, 3163.59
1539386416, 3, 55, 113, 38, 0, 1.88%, 21, 0, 3, 3307.71
1539386421, 3, 68, 113, 36, 0, 1.88%, 21, 0, 3, 3288.48
1539386426, 3, 91, 113, 34, 0, 1.88%, 21, 0, 3, 3323.75
1539386431, 3, 112, 113, 33, 0, 1.88%, 21, 0, 3, 3283.28
1539386437, 4, 30, 113, 30, 0, 1.88%, 21, 0, 3, 3364.62
1539386442, 4, 49, 113, 28, 0, 1.88%, 21, 0, 3, 3269.18
1539386447, 4, 99, 113, 27, 0, 1.88%, 21, 0, 3, 3256.48
1539386452, 4, 109, 113, 25, 0, 1.88%, 21, 0, 3, 3230.83
1539386457, 5, 71, 113, 24, 0, 1.88%, 21, 0, 3, 3298.52
1539386462, 5, 101, 113, 23, 0, 1.88%, 21, 0, 3, 3245.04
1539386467, 6, 37, 113, 21, 0, 1.88%, 21, 0, 3, 3301.52
1539386472, 6, 107, 113, 20, 0, 1.88%, 21, 0, 3, 3296.01
1539386478, 7, 26, 113, 17, 0, 1.88%, 21, 0, 3, 3282.76
1539386483, 7, 77, 113, 16, 0, 1.88%, 21, 0, 3, 3265.10
1539386488, 7, 102, 113, 14, 0, 1.88%, 21, 0, 3, 3214.13
1539386493, 8, 51, 113, 12, 0, 1.88%, 21, 0, 3, 3277.02
1539386498, 8, 82, 113, 11, 0, 1.88%, 21, 0, 3, 2901.28
1539386503, 9, 20, 113, 10, 0, 1.88%, 21, 0, 3, 2823.83
1539386508, 9, 63, 113, 9, 0, 1.88%, 21, 0, 3, 3139.58
1539386514, 9, 93, 113, 7, 0, 1.88%, 21, 0, 3, 3215.95
1539386519, 10, 41, 113, 6, 0, 1.88%, 21, 0, 3, 3124.43
1539386524, 10, 92, 113, 6, 0, 1.88%, 21, 0, 3, 2998.34
1539386529, 10, 97, 113, 4, 0, 1.88%, 21, 0, 3, 3132.91
1539386534, 11, 41, 113, 2, 0, 1.88%, 21, 0, 3, 3134.50
1539386539, 11, 88, 113, 1, 0, 1.88%, 21, 0, 3, 3219.94
1539386544, 12, 59, 113, 1, 0, 1.88%, 21, 0, 3, 3315.05
1539386549, 13, 41, 113, 1, 0, 1.88%, 21, 0, 3, 3328.82
1539386555, 13, 98, 113, 1, 0, 1.88%, 21, 0, 3, 3245.86
1539386560, 14, 41, 113, 0, 0, 1.88%, 21, 0, 3, 3284.21
1539386565, 14, 108, 113, 0, 0, 1.88%, 21, 0, 3, 3267.23
1539386570, 15, 83, 113, 0, 0, 1.88%, 21, 0, 3, 3253.01
1539386575, 16, 59, 113, 0, 0, 1.88%, 21, 0, 3, 3194.45
1539386580, 17, 20, 113, 0, 0, 1.88%, 21, 0, 3, 3283.71
1539386585, 17, 99, 113, 0, 0, 1.88%, 21, 0, 3, 3194.20
1539386591, 18, 62, 113, 0, 0, 1.88%, 21, 0, 3, 3135.65
1539386596, 19, 37, 113, 0, 0, 1.88%, 21, 0, 3, 3192.02
1539386601, 19, 104, 113, 0, 0, 1.88%, 21, 0, 3, 3199.55
1539386606, 20, 68, 113, 0, 0, 1.88%, 21, 0, 3, 3201.38
1539386611, 21, 41, 113, 0, 0, 1.88%, 21, 0, 3, 3295.12
1539386616, 21, 105, 113, 0, 0, 1.88%, 21, 0, 3, 3309.15
1539386621, 22, 82, 113, 0, 0, 1.88%, 21, 0, 3, 3284.12
1539386626, 23, 51, 113, 0, 0, 1.88%, 21, 0, 3, 3151.07
1539386632, 23, 111, 113, 0, 0, 1.88%, 21, 0, 3, 3116.91
1539386637, 24, 98, 113, 0, 0, 1.88%, 21, 0, 3, 3125.85
1539386642, 25, 55, 113, 0, 0, 1.88%, 21, 0, 3, 3139.77
1539386647, 25, 111, 113, 0, 0, 1.88%, 21, 0, 3, 3129.52
1539386652, 26, 96, 113, 0, 0, 1.88%, 21, 0, 3, 3232.54
1539386657, 26, 113, 114, 1, 1, 1.88%, 21, 0, 4, 3244.75
1539386662, 27, 63, 114, 0, 0, 1.88%, 21, 0, 4, 3259.54
1539386667, 27, 113, 114, 0, 0, 1.88%, 21, 0, 4, 3296.08
1539386673, 28, 84, 114, 0, 0, 1.88%, 21, 0, 4, 3034.77
1539386678, 29, 37, 114, 0, 0, 1.88%, 21, 0, 4, 3185.18
1539386683, 29, 107, 114, 0, 0, 1.88%, 21, 0, 4, 3229.93
1539386688, 30, 57, 114, 0, 0, 1.88%, 21, 0, 4, 3081.37
1539386693, 30, 113, 114, 0, 0, 1.88%, 21, 0, 4, 3264.58
1539386698, 31, 79, 114, 0, 0, 1.88%, 21, 0, 4, 3278.18
1539386703, 32, 25, 114, 0, 0, 1.88%, 21, 0, 4, 3321.53
1539386708, 32, 106, 114, 0, 0, 1.88%, 21, 0, 4, 3337.80
1539386714, 33, 63, 114, 0, 0, 1.88%, 21, 0, 4, 3345.00
1539386719, 34, 45, 114, 0, 0, 1.88%, 21, 0, 4, 3356.49
1539386724, 34, 113, 114, 0, 0, 1.88%, 21, 0, 4, 3278.28
1539386729, 35, 83, 114, 0, 0, 1.88%, 21, 0, 4, 3329.25
1539386734, 36, 50, 114, 0, 0, 1.88%, 21, 0, 4, 3333.53
1539386739, 36, 113, 114, 0, 0, 1.88%, 21, 0, 4, 3271.97
1539386744, 37, 88, 114, 0, 0, 1.88%, 21, 0, 4, 3326.59
1539386750, 38, 63, 114, 0, 0, 1.88%, 21, 0, 4, 3340.84
1539386755, 39, 41, 114, 0, 0, 1.88%, 21, 0, 4, 3335.81
1539386760, 39, 109, 114, 0, 0, 1.88%, 21, 0, 4, 3327.85
1539386765, 40, 88, 114, 0, 0, 1.88%, 21, 0, 4, 3325.71
1539386770, 41, 62, 114, 0, 0, 1.88%, 21, 0, 4, 3339.52
1539386775, 41, 113, 114, 0, 0, 1.88%, 21, 0, 4, 3338.97
1539386780, 42, 84, 114, 0, 0, 1.88%, 21, 0, 4, 3357.57
1539386785, 43, 62, 114, 0, 0, 1.88%, 21, 0, 4, 3344.77
1539386791, 44, 41, 114, 0, 0, 1.88%, 21, 0, 4, 3309.42
1539386796, 44, 113, 114, 0, 0, 1.88%, 21, 0, 4, 3283.76
1539386801, 45, 91, 114, 0, 0, 1.88%, 21, 0, 4, 3338.25
1539386806, 46, 59, 114, 0, 0, 1.88%, 21, 0, 4, 3345.52
1539386811, 47, 37, 114, 0, 0, 1.88%, 21, 0, 4, 3357.17
1539386816, 47, 100, 114, 0, 0, 1.88%, 21, 0, 4, 3353.78
1539386821, 48, 68, 114, 0, 0, 1.88%, 21, 0, 4, 3351.64
1539386827, 49, 37, 114, 0, 0, 1.88%, 21, 0, 4, 3331.67
1539386832, 49, 106, 114, 0, 0, 1.88%, 21, 0, 4, 3308.58
1539386837, 50, 79, 114, 0, 0, 1.88%, 21, 0, 4, 3336.08
1539386842, 51, 51, 114, 0, 0, 1.88%, 21, 0, 4, 3350.58
