# unix_time, cycles_done, cur_path, paths_total, pending_total, pending_favs, map_size, unique_crashes, unique_hangs, max_depth, execs_per_sec
1539301580, 0, 0, 6, 6, 5, 1.74%, 0, 0, 1, 2285.71
1539301586, 0, 0, 85, 85, 5, 1.93%, 0, 0, 2, 2451.28
1539301591, 0, 0, 321, 321, 5, 2.09%, 0, 0, 2, 2668.15
1539301596, 0, 0, 348, 348, 5, 2.10%, 0, 0, 2, 2748.92
1539301601, 0, 21, 349, 348, 66, 2.10%, 0, 0, 2, 2800.15
1539301606, 0, 25, 350, 348, 65, 2.10%, 0, 0, 3, 2553.49
1539301611, 0, 25, 362, 360, 65, 2.11%, 0, 0, 3, 2688.17
1539301616, 0, 25, 366, 364, 65, 2.11%, 1, 0, 3, 2734.88
1539301621, 0, 30, 370, 367, 69, 2.11%, 1, 0, 3, 2800.10
1539301626, 0, 33, 372, 368, 69, 2.12%, 1, 0, 3, 2757.54
1539301631, 0, 38, 372, 367, 68, 2.12%, 1, 0, 3, 2644.72
1539301636, 0, 38, 373, 368, 68, 2.12%, 1, 0, 3, 2741.75
1539301641, 0, 52, 373, 367, 67, 2.12%, 1, 0, 3, 2830.39
1539301646, 0, 54, 374, 367, 66, 2.12%, 1, 0, 3, 2602.24
1539301651, 0, 61, 374, 366, 65, 2.12%, 1, 0, 3, 2548.41
1539301657, 0, 74, 375, 366, 64, 2.12%, 1, 0, 3, 2702.83
1539301662, 0, 77, 375, 365, 63, 2.12%, 1, 0, 3, 2824.73
1539301667, 0, 90, 376, 365, 62, 2.12%, 1, 0, 3, 2698.77
1539301672, 0, 94, 376, 364, 61, 2.12%, 1, 0, 3, 2714.22
1539301677, 0, 98, 376, 363, 61, 2.12%, 1, 0, 3, 2657.00
1539301682, 0, 102, 377, 363, 60, 2.12%, 1, 0, 3, 2655.07
1539301687, 0, 102, 379, 365, 60, 2.12%, 1, 0, 3, 2746.16
1539301692, 0, 128, 379, 363, 58, 2.12%, 1, 0, 3, 2892.45
1539301697, 0, 132, 379, 362, 57, 2.12%, 1, 0, 3, 2676.92
1539301702, 0, 142, 379, 361, 56, 2.12%, 1, 0, 3, 2541.25
1539301708, 0, 149, 379, 360, 55, 2.12%, 1, 0, 3, 2638.82
1539301713, 0, 160, 381, 361, 55, 2.12%, 1, 0, 3, 2663.72
1539301718, 0, 162, 381, 360, 54, 2.12%, 1, 0, 3, 2601.56
1539301723, 0, 162, 383, 362, 54, 2.12%, 1, 0, 3, 2658.12
1539301728, 0, 169, 383, 361, 52, 2.12%, 1, 0, 3, 2723.01
1539301733, 0, 169, 393, 371, 52, 2.14%, 1, 0, 3, 2771.95
1539301738, 0, 169, 395, 373, 52, 2.14%, 1, 0, 3, 2784.32
1539301743, 0, 172, 396, 373, 61, 2.14%, 1, 0, 3, 2583.88
1539301748, 0, 181, 396, 372, 60, 2.14%, 1, 0, 3, 2527.70
1539301753, 0, 184, 396, 371, 59, 2.14%, 1, 0, 3, 2509.27
1539301764, 0, 186, 397, 371, 58, 2.14%, 1, 0, 3, 2692.45
1539301769, 0, 195, 397, 370, 57, 2.14%, 1, 0, 3, 2603.04
1539301774, 0, 197, 398, 370, 56, 2.14%, 1, 0, 3, 2394.96
1539301779, 0, 197, 400, 372, 56, 2.14%, 2, 0, 3, 2330.81
1539301784, 0, 197, 409, 381, 56, 2.16%, 4, 0, 3, 2514.18
1539301789, 0, 197, 415, 387, 56, 2.16%, 4, 0, 3, 2532.88
1539301794, 0, 209, 416, 387, 57, 2.16%, 5, 0, 3, 2723.23
1539301799, 0, 210, 416, 386, 56, 2.16%, 5, 0, 3, 2677.20
1539301804, 0, 228, 416, 385, 55, 2.16%, 5, 0, 3, 2556.06
1539301809, 0, 233, 416, 384, 54, 2.16%, 5, 0, 3, 2514.84
1539301814, 0, 243, 416, 383, 53, 2.16%, 5, 0, 3, 2578.61
1539301819, 0, 253, 416, 382, 52, 2.16%, 5, 0, 3, 2643.58
1539301829, 0, 256, 416, 381, 51, 2.16%, 5, 0, 3, 2486.70
1539301834, 0, 258, 416, 380, 51, 2.16%, 5, 0, 3, 2559.51
1539301839, 0, 259, 416, 379, 50, 2.16%, 5, 0, 3, 2565.15
1539301844, 0, 259, 419, 382, 50, 2.16%, 5, 0, 3, 2646.16
1539301850, 0, 259, 421, 384, 50, 2.16%, 6, 0, 3, 2718.10
1539301855, 0, 272, 421, 383, 49, 2.16%, 8, 0, 3, 2651.94
1539301865, 0, 288, 422, 383, 48, 2.16%, 8, 0, 3, 2540.90
1539301870, 0, 294, 422, 382, 47, 2.16%, 8, 0, 3, 2572.57
1539301875, 0, 297, 422, 381, 46, 2.16%, 8, 0, 3, 2453.54
1539301880, 0, 302, 422, 380, 45, 2.16%, 8, 0, 3, 2454.28
1539301885, 0, 308, 422, 379, 44, 2.16%, 8, 0, 3, 2514.11
1539301895, 0, 310, 422, 378, 43, 2.16%, 8, 0, 3, 2548.60
1539301900, 0, 311, 423, 378, 43, 2.16%, 8, 0, 3, 2461.26
1539301906, 0, 318, 423, 377, 42, 2.16%, 9, 0, 3, 2401.36
1539301916, 0, 319, 423, 376, 41, 2.16%, 9, 0, 3, 2475.31
1539301921, 0, 320, 423, 375, 40, 2.16%, 9, 0, 3, 2479.41
1539301926, 0, 321, 423, 374, 39, 2.16%, 9, 0, 3, 2416.55
1539301931, 0, 323, 423, 373, 38, 2.16%, 9, 0, 3, 2426.57
1539301936, 0, 336, 423, 372, 37, 2.16%, 9, 0, 3, 2549.52
1539301946, 0, 337, 423, 371, 36, 2.16%, 9, 0, 3, 2471.49
1539301951, 0, 340, 423, 370, 35, 2.16%, 10, 0, 3, 2482.01
1539301957, 0, 341, 423, 369, 34, 2.16%, 12, 0, 3, 2491.68
1539301962, 0, 348, 423, 368, 33, 2.16%, 12, 0, 3, 2497.80
1539301967, 0, 350, 423, 367, 32, 2.16%, 12, 0, 3, 2441.23
1539301977, 0, 352, 424, 367, 31, 2.16%, 12, 0, 4, 2376.11
1539301988, 0, 356, 425, 367, 30, 2.16%, 12, 0, 4, 2351.16
1539301993, 0, 358, 425, 366, 29, 2.16%, 12, 0, 4, 2354.71
1539302003, 0, 362, 425, 365, 28, 2.16%, 12, 0, 4, 2309.52
1539302013, 0, 367, 425, 364, 27, 2.16%, 12, 0, 4, 2390.93
1539302018, 0, 371, 425, 363, 26, 2.16%, 12, 0, 4, 2560.03
1539302023, 0, 373, 425, 362, 24, 2.16%, 12, 0, 4, 2442.36
1539302028, 0, 375, 426, 362, 24, 2.17%, 12, 0, 4, 2385.75
1539302038, 0, 378, 428, 363, 24, 2.17%, 12, 0, 4, 2311.05
1539302048, 0, 380, 429, 363, 24, 2.17%, 12, 0, 4, 2473.92
1539302053, 0, 381, 429, 362, 22, 2.17%, 12, 0, 4, 2670.52
1539302058, 0, 382, 429, 361, 21, 2.17%, 12, 0, 4, 2700.12
1539302063, 0, 383, 429, 360, 20, 2.17%, 12, 0, 4, 2657.28
1539302068, 0, 383, 430, 361, 20, 2.17%, 12, 0, 4, 2555.02
1539302073, 0, 385, 430, 360, 19, 2.17%, 13, 0, 4, 2454.13
1539302078, 0, 387, 430, 359, 18, 2.17%, 13, 0, 4, 2493.08
1539302083, 0, 388, 431, 359, 17, 2.17%, 13, 0, 4, 2545.50
1539302088, 0, 389, 431, 358, 16, 2.17%, 13, 0, 4, 2497.27
1539302099, 0, 391, 432, 358, 15, 2.17%, 13, 0, 4, 2326.13
1539302109, 0, 392, 432, 357, 14, 2.17%, 13, 0, 4, 2389.85
1539302114, 0, 393, 432, 356, 13, 2.17%, 13, 0, 4, 2480.93
1539302119, 0, 394, 434, 357, 12, 2.17%, 13, 0, 4, 2500.35
1539302129, 0, 395, 434, 356, 14, 2.17%, 13, 0, 4, 2385.62
1539302139, 0, 396, 434, 355, 13, 2.17%, 14, 0, 4, 2363.51
1539302144, 0, 401, 434, 354, 12, 2.17%, 14, 0, 4, 2345.93
1539302155, 0, 402, 434, 353, 11, 2.17%, 15, 0, 4, 2361.99
1539302160, 0, 403, 434, 352, 10, 2.17%, 15, 0, 4, 2401.89
1539302170, 0, 405, 434, 351, 9, 2.17%, 15, 0, 4, 2392.42
1539302175, 0, 407, 434, 350, 8, 2.17%, 16, 0, 4, 2418.48
