# unix_time, cycles_done, cur_path, paths_total, pending_total, pending_favs, map_size, unique_crashes, unique_hangs, max_depth, execs_per_sec
1539326931, 0, 0, 6, 6, 5, 1.74%, 0, 0, 1, 2666.67
1539326936, 0, 0, 105, 105, 5, 1.98%, 0, 0, 2, 2770.47
1539326941, 0, 0, 315, 315, 5, 2.08%, 0, 0, 2, 3013.52
1539326946, 0, 26, 327, 326, 64, 2.09%, 0, 0, 2, 2937.36
1539326952, 0, 26, 331, 330, 64, 2.09%, 0, 0, 3, 2700.07
1539326957, 0, 26, 341, 340, 64, 2.10%, 0, 0, 3, 3000.59
1539326962, 0, 39, 351, 349, 64, 2.10%, 0, 0, 3, 3087.25
1539326967, 0, 41, 351, 348, 63, 2.10%, 0, 0, 3, 3017.11
1539326972, 0, 48, 351, 347, 62, 2.10%, 0, 0, 3, 3049.06
1539326977, 0, 52, 351, 346, 61, 2.10%, 0, 0, 3, 2889.93
1539326982, 0, 52, 355, 350, 61, 2.10%, 0, 0, 3, 2887.54
1539326987, 0, 52, 359, 354, 61, 2.10%, 0, 0, 3, 3053.64
1539326993, 0, 55, 362, 356, 63, 2.10%, 0, 0, 3, 2960.09
1539326998, 0, 57, 362, 355, 62, 2.10%, 0, 0, 3, 3045.21
1539327003, 0, 62, 362, 354, 61, 2.10%, 0, 0, 3, 2951.47
1539327008, 0, 66, 363, 354, 61, 2.11%, 0, 0, 3, 2869.20
1539327013, 0, 75, 365, 355, 61, 2.11%, 0, 0, 3, 3012.50
1539327018, 0, 78, 365, 354, 60, 2.11%, 0, 0, 3, 3058.50
1539327023, 0, 91, 365, 353, 59, 2.11%, 0, 0, 3, 2992.86
1539327029, 0, 98, 365, 352, 58, 2.11%, 0, 0, 3, 2842.40
1539327034, 0, 103, 365, 351, 58, 2.11%, 0, 0, 3, 2895.01
1539327039, 0, 134, 366, 350, 56, 2.11%, 0, 0, 3, 3104.45
1539327049, 0, 137, 367, 349, 55, 2.11%, 0, 0, 3, 3145.19
1539327054, 0, 139, 367, 348, 54, 2.11%, 0, 0, 3, 2992.38
1539327059, 0, 146, 367, 346, 53, 2.11%, 0, 0, 3, 3034.68
1539327064, 0, 148, 367, 345, 52, 2.11%, 0, 0, 3, 2871.39
1539327069, 0, 155, 367, 344, 51, 2.11%, 0, 0, 3, 3002.61
1539327074, 0, 159, 367, 343, 50, 2.11%, 0, 0, 3, 2867.75
1539327080, 0, 159, 371, 347, 50, 2.12%, 0, 0, 3, 2883.92
1539327085, 0, 159, 375, 351, 50, 2.12%, 0, 0, 3, 3032.40
1539327090, 0, 171, 378, 353, 50, 2.12%, 0, 0, 3, 3003.92
1539327095, 0, 172, 378, 352, 49, 2.12%, 0, 0, 3, 2934.61
1539327100, 0, 172, 383, 357, 49, 2.12%, 0, 0, 3, 3096.00
1539327105, 0, 172, 385, 359, 49, 2.12%, 0, 0, 3, 3146.89
1539327110, 0, 185, 386, 359, 50, 2.12%, 0, 0, 3, 2796.11
1539327115, 0, 185, 387, 360, 50, 2.12%, 0, 0, 3, 2433.98
1539327120, 0, 185, 403, 376, 50, 2.15%, 0, 0, 3, 2693.90
1539327125, 0, 185, 409, 382, 50, 2.15%, 0, 0, 3, 2804.38
1539327130, 0, 190, 410, 382, 56, 2.15%, 0, 0, 3, 2970.72
1539327135, 0, 203, 410, 381, 55, 2.15%, 0, 0, 3, 2839.75
1539327141, 0, 204, 410, 380, 54, 2.15%, 0, 0, 3, 2785.37
1539327146, 0, 208, 410, 379, 53, 2.15%, 0, 0, 3, 2766.52
1539327156, 0, 221, 410, 378, 52, 2.15%, 0, 0, 3, 2823.91
1539327161, 0, 226, 410, 377, 51, 2.15%, 0, 0, 3, 2661.15
1539327166, 0, 227, 410, 376, 50, 2.15%, 0, 0, 3, 2723.20
1539327171, 0, 229, 410, 375, 49, 2.15%, 0, 0, 3, 2725.27
1539327176, 0, 230, 410, 374, 48, 2.15%, 0, 0, 3, 2798.92
1539327181, 0, 233, 410, 373, 47, 2.15%, 0, 0, 3, 2860.53
1539327186, 0, 237, 410, 371, 44, 2.15%, 0, 0, 3, 3095.63
1539327191, 0, 241, 410, 370, 43, 2.15%, 0, 0, 3, 2874.94
1539327196, 0, 244, 410, 369, 42, 2.15%, 0, 0, 3, 2866.67
1539327201, 0, 248, 411, 369, 42, 2.15%, 0, 0, 3, 2921.02
1539327211, 0, 251, 411, 368, 41, 2.15%, 0, 0, 3, 2736.55
1539327217, 0, 258, 411, 367, 40, 2.15%, 0, 0, 3, 2755.32
1539327222, 0, 263, 411, 366, 39, 2.15%, 0, 0, 3, 2744.28
1539327227, 0, 269, 411, 365, 38, 2.15%, 0, 0, 3, 2894.41
1539327232, 0, 270, 411, 364, 38, 2.15%, 0, 0, 3, 2926.58
1539327237, 0, 282, 411, 363, 37, 2.15%, 0, 0, 3, 2726.73
1539327242, 0, 286, 412, 363, 36, 2.15%, 0, 0, 3, 2845.43
1539327247, 0, 293, 413, 363, 36, 2.15%, 0, 0, 3, 2762.10
1539327252, 0, 294, 415, 364, 35, 2.16%, 0, 0, 3, 2681.15
1539327257, 0, 310, 415, 363, 35, 2.16%, 0, 0, 3, 3001.32
1539327262, 0, 311, 416, 363, 34, 2.16%, 0, 0, 3, 2728.31
1539327268, 0, 318, 416, 362, 33, 2.16%, 0, 0, 3, 2604.12
1539327273, 0, 319, 416, 361, 32, 2.16%, 0, 0, 3, 2689.40
1539327278, 0, 321, 416, 360, 31, 2.16%, 0, 0, 3, 2851.54
1539327283, 0, 325, 416, 359, 30, 2.16%, 0, 0, 3, 2872.65
1539327288, 0, 331, 416, 358, 29, 2.16%, 0, 0, 3, 2835.21
1539327298, 0, 349, 416, 357, 28, 2.16%, 0, 0, 3, 2616.86
1539327303, 0, 353, 416, 356, 27, 2.16%, 0, 0, 3, 2632.89
1539327308, 0, 355, 416, 355, 26, 2.16%, 0, 0, 3, 2585.77
1539327318, 0, 356, 417, 355, 25, 2.16%, 0, 0, 4, 2712.13
1539327324, 0, 362, 417, 354, 25, 2.16%, 0, 0, 4, 2711.24
1539327329, 0, 363, 417, 353, 24, 2.16%, 0, 0, 4, 2924.89
1539327334, 0, 365, 417, 352, 23, 2.16%, 0, 0, 4, 2820.71
1539327339, 0, 367, 417, 351, 22, 2.16%, 0, 0, 4, 2792.74
1539327344, 0, 372, 417, 350, 21, 2.16%, 0, 0, 4, 2775.84
1539327354, 0, 375, 418, 350, 20, 2.16%, 0, 0, 4, 2663.53
1539327359, 0, 377, 418, 349, 19, 2.16%, 0, 0, 4, 2659.18
1539327364, 0, 378, 418, 348, 18, 2.16%, 0, 0, 4, 2668.48
1539327374, 0, 380, 418, 347, 17, 2.16%, 0, 0, 4, 2764.77
1539327380, 0, 383, 418, 346, 16, 2.16%, 0, 0, 4, 2772.91
1539327385, 0, 388, 418, 345, 15, 2.16%, 1, 0, 4, 2672.04
1539327390, 0, 388, 419, 346, 15, 2.16%, 1, 0, 4, 2626.64
1539327395, 0, 390, 419, 345, 14, 2.16%, 1, 0, 4, 2632.23
1539327400, 0, 391, 419, 344, 13, 2.16%, 1, 0, 4, 2624.22
1539327410, 0, 391, 423, 348, 13, 2.16%, 1, 0, 4, 2701.02
1539327415, 0, 391, 425, 350, 13, 2.16%, 1, 0, 4, 2762.74
1539327420, 0, 392, 427, 351, 14, 2.16%, 3, 0, 4, 2800.43
1539327425, 0, 392, 427, 351, 14, 2.16%, 5, 0, 4, 2727.27
1539327430, 0, 394, 427, 350, 13, 2.16%, 7, 0, 4, 2721.82
1539327435, 0, 395, 428, 350, 13, 2.16%, 7, 0, 4, 2768.88
1539327441, 0, 399, 428, 349, 12, 2.16%, 7, 0, 4, 2963.44
1539327451, 0, 403, 428, 348, 11, 2.16%, 7, 0, 4, 2814.85
1539327456, 0, 405, 429, 348, 10, 2.17%, 7, 0, 4, 2818.22
1539327466, 0, 409, 429, 347, 10, 2.17%, 7, 0, 4, 2927.84
1539327471, 0, 410, 429, 346, 9, 2.17%, 7, 0, 4, 2989.43
1539327476, 0, 413, 429, 345, 8, 2.17%, 7, 0, 4, 2829.75
1539327481, 0, 416, 429, 344, 7, 2.17%, 7, 0, 4, 2708.85
1539327492, 0, 420, 430, 344, 6, 2.17%, 7, 0, 5, 2780.30
1539327497, 0, 425, 430, 343, 6, 2.17%, 7, 0, 5, 2886.35
1539327507, 0, 426, 430, 342, 5, 2.17%, 7, 0, 5, 2757.70
1539327517, 0, 427, 430, 341, 4, 2.17%, 7, 0, 5, 2746.75
1539327522, 0, 428, 431, 341, 3, 2.17%, 7, 0, 5, 2780.69
