# unix_time, cycles_done, cur_path, paths_total, pending_total, pending_favs, map_size, unique_crashes, unique_hangs, max_depth, execs_per_sec
1539307012, 0, 0, 6, 6, 5, 1.74%, 0, 0, 1, 2400.00
1539307017, 0, 0, 86, 86, 5, 1.93%, 0, 0, 2, 2552.23
1539307022, 0, 0, 327, 327, 5, 2.10%, 0, 0, 2, 2730.03
1539307028, 0, 19, 350, 349, 66, 2.11%, 0, 0, 2, 2870.55
1539307033, 0, 19, 351, 350, 66, 2.11%, 0, 0, 3, 2754.02
1539307038, 0, 21, 351, 349, 65, 2.11%, 0, 0, 3, 2881.92
1539307043, 0, 21, 365, 363, 65, 2.11%, 0, 0, 3, 2925.03
1539307048, 0, 21, 373, 371, 65, 2.12%, 0, 0, 3, 2853.52
1539307053, 0, 22, 375, 372, 69, 2.12%, 0, 0, 3, 2596.04
1539307058, 0, 39, 375, 371, 68, 2.12%, 0, 0, 3, 2815.40
1539307063, 0, 47, 375, 370, 67, 2.12%, 0, 0, 3, 2928.66
1539307068, 0, 47, 383, 378, 67, 2.13%, 0, 0, 3, 2875.80
1539307073, 0, 47, 387, 382, 67, 2.13%, 0, 0, 3, 2949.56
1539307079, 0, 55, 389, 383, 68, 2.13%, 0, 0, 3, 2740.71
1539307084, 0, 59, 389, 382, 67, 2.13%, 0, 0, 3, 2735.39
1539307089, 0, 62, 389, 381, 66, 2.13%, 0, 0, 3, 2659.41
1539307094, 0, 66, 389, 380, 65, 2.13%, 0, 0, 3, 2607.90
1539307099, 0, 70, 389, 379, 64, 2.13%, 0, 0, 3, 2779.47
1539307104, 0, 89, 389, 378, 64, 2.13%, 0, 0, 3, 2696.67
1539307109, 0, 91, 389, 377, 63, 2.13%, 0, 0, 3, 2639.19
1539307114, 0, 101, 390, 377, 61, 2.13%, 0, 0, 3, 2659.33
1539307119, 0, 101, 392, 379, 61, 2.14%, 0, 0, 3, 2720.51
1539307124, 0, 101, 396, 383, 61, 2.14%, 1, 0, 3, 2899.78
1539307129, 0, 101, 397, 384, 61, 2.14%, 1, 0, 3, 2830.84
1539307134, 0, 117, 397, 382, 62, 2.14%, 1, 0, 3, 2832.93
1539307139, 0, 124, 398, 382, 62, 2.14%, 1, 0, 3, 2971.04
1539307144, 0, 132, 398, 381, 61, 2.14%, 1, 0, 3, 3012.93
1539307149, 0, 158, 398, 380, 60, 2.14%, 1, 0, 3, 2879.87
1539307154, 0, 163, 399, 380, 59, 2.14%, 1, 0, 3, 3049.78
1539307159, 0, 165, 401, 381, 58, 2.14%, 1, 0, 3, 2651.74
1539307164, 0, 181, 401, 380, 57, 2.14%, 1, 0, 3, 2704.59
1539307169, 0, 182, 401, 379, 56, 2.14%, 1, 0, 3, 2778.72
1539307174, 0, 183, 401, 378, 55, 2.14%, 2, 0, 3, 2754.56
1539307179, 0, 186, 401, 377, 54, 2.14%, 2, 0, 3, 2712.04
1539307185, 0, 193, 401, 375, 52, 2.14%, 2, 0, 3, 3034.10
1539307195, 0, 201, 401, 374, 51, 2.14%, 2, 0, 3, 2543.39
1539307200, 0, 206, 401, 373, 50, 2.14%, 2, 0, 3, 2601.13
1539307205, 0, 209, 401, 372, 49, 2.14%, 2, 0, 3, 2621.85
1539307210, 0, 214, 401, 371, 48, 2.14%, 2, 0, 3, 2623.78
1539307215, 0, 214, 402, 372, 48, 2.14%, 2, 0, 3, 2445.78
1539307220, 0, 237, 402, 370, 46, 2.14%, 2, 0, 3, 2680.00
1539307230, 0, 241, 402, 369, 45, 2.14%, 2, 0, 3, 2516.07
1539307235, 0, 247, 402, 368, 44, 2.14%, 2, 0, 3, 2679.93
1539307240, 0, 257, 402, 367, 43, 2.14%, 2, 0, 3, 2565.04
1539307245, 0, 259, 402, 366, 42, 2.14%, 2, 0, 3, 2779.88
1539307250, 0, 262, 403, 366, 42, 2.15%, 2, 0, 3, 2722.09
1539307255, 0, 269, 403, 365, 41, 2.15%, 2, 0, 3, 2637.22
1539307260, 0, 274, 403, 364, 40, 2.15%, 2, 0, 3, 2717.93
1539307265, 0, 278, 403, 363, 39, 2.15%, 2, 0, 3, 2683.38
1539307271, 0, 282, 403, 362, 38, 2.15%, 6, 0, 3, 2675.11
1539307276, 0, 284, 403, 361, 37, 2.15%, 10, 0, 3, 2589.59
1539307286, 0, 285, 406, 363, 37, 2.15%, 10, 0, 3, 2683.68
1539307291, 0, 286, 406, 362, 36, 2.15%, 10, 0, 3, 2635.14
1539307296, 0, 292, 406, 361, 35, 2.15%, 10, 0, 3, 2656.06
1539307302, 0, 293, 408, 362, 35, 2.15%, 10, 0, 3, 2749.24
1539307312, 0, 301, 408, 361, 34, 2.15%, 10, 0, 3, 2677.80
1539307317, 0, 305, 408, 360, 33, 2.15%, 10, 0, 3, 2724.49
1539307322, 0, 310, 408, 359, 32, 2.15%, 10, 0, 3, 2388.55
1539307327, 0, 313, 408, 358, 31, 2.15%, 10, 0, 3, 2359.14
1539307337, 0, 316, 408, 357, 30, 2.15%, 10, 0, 3, 2566.97
1539307342, 0, 317, 408, 356, 29, 2.15%, 10, 0, 3, 2642.27
1539307347, 0, 322, 408, 355, 28, 2.15%, 10, 0, 3, 2694.06
1539307352, 0, 324, 408, 354, 27, 2.15%, 10, 0, 3, 2611.17
1539307357, 0, 326, 408, 353, 26, 2.15%, 10, 0, 3, 2529.68
1539307362, 0, 328, 408, 352, 25, 2.15%, 10, 0, 3, 2676.60
1539307367, 0, 334, 409, 352, 25, 2.15%, 10, 0, 3, 2871.54
1539307378, 0, 336, 409, 351, 24, 2.15%, 10, 0, 3, 2408.24
1539307383, 0, 339, 409, 350, 23, 2.15%, 11, 0, 3, 2437.07
1539307388, 0, 339, 409, 350, 23, 2.15%, 12, 0, 3, 2454.82
1539307393, 0, 341, 410, 350, 23, 2.15%, 12, 0, 3, 2485.28
1539307398, 0, 341, 414, 354, 23, 2.15%, 12, 0, 3, 2545.29
1539307403, 0, 341, 418, 358, 23, 2.15%, 12, 0, 3, 2710.49
1539307408, 0, 341, 421, 361, 23, 2.16%, 13, 0, 3, 2726.44
1539307413, 0, 344, 424, 363, 25, 2.16%, 13, 0, 3, 2761.55
1539307418, 0, 353, 424, 362, 24, 2.16%, 13, 0, 3, 2609.70
1539307423, 0, 358, 424, 361, 23, 2.16%, 14, 0, 3, 2460.11
1539307433, 0, 358, 429, 366, 23, 2.16%, 14, 0, 4, 2614.75
1539307438, 0, 358, 431, 368, 23, 2.16%, 14, 0, 4, 2653.48
1539307443, 0, 362, 431, 367, 25, 2.16%, 14, 0, 4, 2591.90
1539307454, 0, 369, 432, 366, 24, 2.16%, 14, 0, 4, 2839.49
1539307464, 0, 370, 432, 365, 23, 2.16%, 14, 0, 4, 2460.54
1539307469, 0, 374, 432, 364, 22, 2.16%, 15, 0, 4, 2522.17
1539307474, 0, 374, 433, 365, 22, 2.16%, 15, 0, 4, 2418.80
1539307479, 0, 377, 433, 364, 21, 2.16%, 15, 0, 4, 2526.30
1539307484, 0, 387, 433, 363, 20, 2.16%, 15, 0, 4, 2567.96
1539307489, 0, 390, 433, 362, 19, 2.16%, 15, 0, 4, 2595.58
1539307499, 0, 390, 437, 366, 19, 2.17%, 15, 0, 4, 2587.31
1539307504, 0, 390, 439, 368, 19, 2.17%, 15, 0, 4, 2678.69
1539307510, 0, 391, 441, 369, 19, 2.17%, 15, 0, 4, 2672.51
1539307520, 0, 396, 441, 368, 18, 2.17%, 15, 0, 4, 2515.27
1539307525, 0, 397, 441, 367, 17, 2.17%, 15, 0, 4, 2588.52
1539307530, 0, 399, 442, 367, 16, 2.17%, 16, 0, 4, 2555.15
1539307535, 0, 399, 443, 368, 16, 2.17%, 16, 0, 4, 2443.96
1539307540, 0, 400, 443, 367, 16, 2.17%, 16, 0, 4, 2560.13
1539307545, 0, 402, 443, 366, 15, 2.17%, 16, 0, 4, 2609.02
1539307550, 0, 403, 443, 365, 14, 2.17%, 16, 0, 4, 2811.56
1539307555, 0, 406, 443, 364, 13, 2.17%, 16, 0, 4, 2561.38
1539307560, 0, 408, 443, 363, 12, 2.17%, 16, 0, 4, 2829.64
1539307565, 0, 409, 444, 363, 11, 2.17%, 16, 0, 4, 2753.02
1539307570, 0, 410, 444, 362, 11, 2.17%, 16, 0, 4, 2658.44
1539307581, 0, 417, 445, 362, 10, 2.17%, 17, 0, 4, 2520.36
1539307586, 0, 420, 445, 361, 9, 2.17%, 18, 0, 4, 2493.58
1539307596, 0, 424, 445, 360, 8, 2.17%, 18, 0, 4, 2525.68
1539307601, 0, 424, 445, 360, 8, 2.17%, 19, 0, 4, 2587.18
1539307606, 0, 425, 445, 359, 7, 2.17%, 19, 0, 4, 2567.22
1539307611, 0, 426, 445, 358, 6, 2.17%, 19, 0, 4, 2622.06
