# unix_time, cycles_done, cur_path, paths_total, pending_total, pending_favs, map_size, unique_crashes, unique_hangs, max_depth, execs_per_sec
1539331154, 0, 0, 6, 6, 6, 1.49%, 0, 0, 1, 2666.67
1539331159, 0, 0, 125, 125, 6, 1.88%, 6, 0, 2, 3102.03
1539331164, 0, 0, 127, 127, 6, 1.88%, 13, 0, 2, 3304.98
1539331169, 0, 19, 127, 124, 25, 1.88%, 14, 0, 2, 3188.28
1539331174, 0, 55, 127, 120, 21, 1.88%, 15, 0, 2, 3219.74
1539331179, 0, 59, 127, 117, 17, 1.88%, 16, 0, 2, 3202.86
1539331184, 0, 62, 127, 115, 15, 1.88%, 16, 0, 2, 3207.82
1539331189, 0, 70, 127, 112, 12, 1.88%, 17, 0, 2, 3216.28
1539331194, 0, 101, 127, 108, 8, 1.88%, 17, 0, 2, 3215.67
1539331199, 0, 104, 127, 106, 6, 1.88%, 17, 0, 2, 3189.07
1539331205, 0, 118, 127, 103, 3, 1.88%, 17, 0, 2, 3206.98
1539331210, 1, 1, 127, 100, 0, 1.88%, 17, 0, 2, 3167.22
1539331215, 1, 34, 127, 96, 0, 1.88%, 17, 0, 2, 3309.88
1539331220, 1, 66, 127, 91, 0, 1.88%, 17, 0, 2, 3394.44
1539331225, 1, 73, 127, 88, 0, 1.88%, 17, 0, 2, 3236.56
1539331230, 1, 99, 127, 86, 0, 1.88%, 18, 0, 2, 3206.97
1539331236, 1, 117, 127, 82, 0, 1.88%, 18, 0, 2, 3238.07
1539331241, 2, 3, 127, 80, 0, 1.88%, 20, 0, 2, 3168.37
1539331246, 2, 10, 127, 77, 0, 1.88%, 20, 0, 2, 3300.66
1539331251, 2, 22, 127, 75, 0, 1.88%, 20, 0, 2, 3188.07
1539331256, 2, 65, 127, 71, 0, 1.88%, 20, 0, 2, 3281.56
1539331261, 2, 73, 127, 69, 0, 1.88%, 21, 0, 2, 3209.40
1539331266, 2, 84, 127, 67, 0, 1.88%, 21, 0, 2, 3210.87
1539331272, 2, 93, 127, 65, 0, 1.88%, 21, 0, 2, 3192.82
1539331277, 2, 100, 127, 62, 0, 1.88%, 21, 0, 2, 3198.62
1539331282, 3, 4, 127, 60, 0, 1.88%, 21, 0, 2, 3215.52
1539331287, 3, 45, 127, 58, 0, 1.88%, 21, 0, 2, 3260.35
1539331292, 3, 57, 127, 55, 0, 1.88%, 21, 0, 2, 3229.10
1539331297, 3, 79, 127, 53, 0, 1.88%, 21, 0, 2, 3360.49
1539331302, 3, 89, 127, 51, 0, 1.88%, 21, 0, 2, 3246.63
1539331308, 3, 97, 127, 49, 0, 1.88%, 21, 0, 2, 3207.03
1539331313, 3, 122, 127, 47, 0, 1.88%, 21, 0, 2, 3235.97
1539331318, 4, 9, 127, 44, 0, 1.88%, 21, 0, 2, 3209.20
1539331323, 4, 27, 127, 42, 0, 1.88%, 21, 0, 2, 3192.89
1539331328, 4, 54, 127, 38, 0, 1.88%, 21, 0, 2, 3232.70
1539331333, 4, 85, 127, 37, 0, 1.88%, 21, 0, 2, 3247.61
1539331339, 4, 106, 127, 35, 0, 1.88%, 21, 0, 2, 3236.76
1539331344, 5, 41, 127, 33, 0, 1.88%, 21, 0, 2, 3259.53
1539331349, 5, 73, 127, 31, 0, 1.88%, 21, 0, 2, 3272.50
1539331354, 5, 112, 127, 30, 0, 1.88%, 21, 0, 2, 3235.31
1539331359, 6, 14, 127, 28, 0, 1.88%, 21, 0, 2, 3227.03
1539331364, 6, 54, 127, 25, 0, 1.88%, 21, 0, 2, 3320.05
1539331369, 6, 114, 127, 25, 0, 1.88%, 21, 0, 2, 3212.61
1539331374, 7, 13, 127, 23, 0, 1.88%, 21, 0, 2, 3231.26
1539331380, 7, 79, 127, 22, 0, 1.88%, 21, 0, 2, 3109.75
1539331385, 7, 111, 127, 21, 0, 1.88%, 21, 0, 2, 3177.89
1539331390, 8, 40, 127, 18, 0, 1.88%, 21, 0, 2, 3257.96
1539331395, 8, 88, 127, 18, 0, 1.88%, 21, 0, 2, 3236.06
1539331400, 9, 1, 127, 16, 0, 1.88%, 21, 0, 2, 3257.47
1539331405, 9, 69, 127, 15, 0, 1.88%, 21, 0, 2, 3253.61
1539331411, 9, 101, 127, 13, 0, 1.88%, 21, 0, 2, 3298.01
1539331416, 9, 110, 127, 12, 0, 1.88%, 21, 0, 2, 3200.78
1539331421, 10, 73, 128, 12, 0, 1.88%, 21, 0, 3, 3297.41
1539331426, 11, 30, 128, 12, 0, 1.88%, 21, 0, 3, 3274.75
1539331431, 11, 69, 128, 9, 0, 1.88%, 21, 0, 3, 3226.50
1539331436, 12, 20, 128, 9, 0, 1.88%, 21, 0, 3, 3258.04
1539331441, 12, 51, 128, 6, 0, 1.88%, 21, 0, 3, 3236.34
1539331446, 12, 121, 128, 6, 0, 1.88%, 21, 0, 3, 3231.50
1539331452, 13, 64, 128, 5, 0, 1.88%, 22, 0, 3, 3317.04
1539331457, 14, 1, 128, 4, 0, 1.88%, 22, 0, 3, 3314.71
1539331462, 14, 86, 128, 4, 0, 1.88%, 22, 0, 3, 3307.88
1539331467, 14, 123, 128, 3, 0, 1.88%, 22, 0, 3, 3246.10
1539331472, 15, 92, 128, 2, 0, 1.88%, 22, 0, 3, 3278.81
1539331477, 15, 127, 128, 2, 0, 1.88%, 22, 0, 3, 3221.26
1539331482, 16, 80, 128, 1, 0, 1.88%, 22, 0, 3, 3238.26
1539331487, 17, 53, 128, 1, 0, 1.88%, 22, 0, 3, 3213.34
1539331493, 18, 1, 128, 1, 0, 1.88%, 22, 0, 3, 3298.93
1539331498, 18, 103, 128, 1, 0, 1.88%, 22, 0, 3, 3298.61
1539331503, 19, 73, 128, 1, 0, 1.88%, 22, 0, 3, 3242.52
1539331508, 20, 56, 128, 1, 0, 1.88%, 22, 0, 3, 3308.13
1539331513, 20, 103, 128, 0, 0, 1.88%, 22, 0, 3, 3293.23
1539331518, 21, 69, 128, 0, 0, 1.88%, 22, 0, 3, 3286.44
1539331523, 22, 23, 128, 0, 0, 1.88%, 22, 0, 3, 3226.67
1539331528, 22, 101, 128, 0, 0, 1.88%, 22, 0, 3, 3312.42
1539331533, 23, 63, 128, 0, 0, 1.88%, 22, 0, 3, 3306.60
1539331538, 23, 127, 128, 0, 0, 1.88%, 22, 0, 3, 3288.07
1539331544, 24, 79, 128, 0, 0, 1.88%, 22, 0, 3, 3320.02
1539331549, 25, 51, 128, 0, 0, 1.88%, 22, 0, 3, 3315.20
1539331554, 25, 108, 128, 0, 0, 1.88%, 22, 0, 3, 3329.62
1539331559, 26, 79, 128, 0, 0, 1.88%, 22, 0, 3, 3313.03
1539331564, 27, 58, 128, 0, 0, 1.88%, 22, 0, 3, 3325.77
1539331569, 28, 10, 128, 0, 0, 1.88%, 22, 0, 3, 3325.17
1539331574, 28, 106, 128, 0, 0, 1.88%, 22, 0, 3, 3305.73
1539331579, 29, 78, 128, 0, 0, 1.88%, 22, 0, 3, 3136.89
1539331584, 30, 56, 128, 0, 0, 1.88%, 22, 0, 3, 3264.52
1539331589, 30, 121, 128, 0, 0, 1.88%, 22, 0, 3, 3314.14
1539331594, 31, 101, 128, 0, 0, 1.88%, 22, 0, 3, 3235.46
1539331600, 32, 67, 128, 0, 0, 1.88%, 22, 0, 3, 3293.71
1539331605, 33, 51, 128, 0, 0, 1.88%, 22, 0, 3, 3268.59
1539331610, 34, 10, 128, 0, 0, 1.88%, 22, 0, 3, 3316.06
1539331615, 34, 95, 128, 0, 0, 1.88%, 22, 0, 3, 3179.25
1539331620, 35, 70, 128, 0, 0, 1.88%, 22, 0, 3, 3281.04
1539331625, 36, 56, 128, 0, 0, 1.88%, 22, 0, 3, 3322.31
1539331630, 37, 4, 128, 0, 0, 1.88%, 22, 0, 3, 3289.74
1539331635, 37, 96, 128, 0, 0, 1.88%, 22, 0, 3, 3250.07
1539331640, 38, 69, 128, 0, 0, 1.88%, 22, 0, 3, 3296.39
1539331645, 39, 46, 128, 0, 0, 1.88%, 22, 0, 3, 3218.73
1539331650, 39, 109, 128, 0, 0, 1.88%, 22, 0, 3, 3306.26
1539331656, 40, 83, 128, 0, 0, 1.88%, 22, 0, 3, 3320.56
1539331661, 41, 58, 128, 0, 0, 1.88%, 22, 0, 3, 3271.86
1539331666, 42, 15, 128, 0, 0, 1.88%, 22, 0, 3, 3312.86
1539331671, 42, 95, 128, 0, 0, 1.88%, 22, 0, 3, 3280.45
1539331676, 43, 69, 128, 0, 0, 1.88%, 22, 0, 3, 3320.38
1539331681, 44, 50, 128, 0, 0, 1.88%, 22, 0, 3, 3210.72
1539331686, 44, 115, 128, 0, 0, 1.88%, 22, 0, 3, 3259.68
1539331691, 45, 92, 128, 0, 0, 1.88%, 22, 0, 3, 3318.61
1539331696, 46, 63, 128, 0, 0, 1.88%, 22, 0, 3, 3330.29
1539331701, 47, 44, 128, 0, 0, 1.88%, 22, 0, 3, 3327.08
1539331707, 47, 106, 128, 0, 0, 1.88%, 22, 0, 3, 3257.52
1539331712, 48, 75, 128, 0, 0, 1.88%, 22, 0, 3, 3313.29
1539331717, 49, 50, 128, 0, 0, 1.88%, 22, 0, 3, 3311.09
1539331722, 49, 115, 128, 0, 0, 1.88%, 22, 0, 3, 3276.58
1539331727, 50, 80, 128, 0, 0, 1.88%, 22, 0, 3, 3314.05
1539331732, 51, 62, 128, 0, 0, 1.88%, 22, 0, 3, 3329.61
1539331737, 52, 10, 128, 0, 0, 1.88%, 22, 0, 3, 3330.32
1539331742, 52, 103, 128, 0, 0, 1.88%, 22, 0, 3, 3324.30
1539331747, 53, 70, 128, 0, 0, 1.88%, 22, 0, 3, 3322.11
1539331752, 54, 58, 128, 0, 0, 1.88%, 22, 0, 3, 3309.75
