# unix_time, cycles_done, cur_path, paths_total, pending_total, pending_favs, map_size, unique_crashes, unique_hangs, max_depth, execs_per_sec
1539325121, 0, 0, 6, 6, 5, 1.74%, 0, 0, 1, 2285.71
1539325126, 0, 0, 86, 86, 5, 1.93%, 0, 0, 2, 2464.42
1539325131, 0, 0, 319, 319, 5, 2.08%, 0, 0, 2, 2760.58
1539325136, 0, 0, 348, 348, 5, 2.10%, 0, 0, 2, 2755.91
1539325141, 0, 11, 352, 351, 67, 2.10%, 0, 0, 3, 2905.22
1539325146, 0, 11, 377, 376, 67, 2.12%, 0, 0, 3, 2985.86
1539325151, 0, 11, 385, 384, 67, 2.13%, 1, 0, 3, 2854.25
1539325157, 0, 19, 388, 386, 77, 2.13%, 1, 0, 3, 2720.64
1539325162, 0, 55, 389, 386, 77, 2.13%, 1, 0, 3, 2644.38
1539325167, 0, 57, 389, 385, 76, 2.13%, 1, 0, 3, 2761.64
1539325172, 0, 69, 389, 384, 75, 2.13%, 1, 0, 3, 2851.73
1539325177, 0, 78, 389, 383, 74, 2.13%, 1, 0, 3, 2915.82
1539325182, 0, 81, 389, 382, 73, 2.13%, 1, 0, 3, 2794.44
1539325187, 0, 87, 389, 381, 72, 2.13%, 1, 0, 3, 2678.67
1539325192, 0, 89, 389, 380, 71, 2.13%, 1, 0, 3, 2595.78
1539325197, 0, 91, 389, 379, 70, 2.13%, 1, 0, 3, 2608.15
1539325202, 0, 93, 389, 378, 69, 2.13%, 1, 0, 3, 2848.36
1539325207, 0, 93, 395, 384, 69, 2.13%, 1, 0, 3, 2945.89
1539325212, 0, 93, 400, 389, 69, 2.13%, 1, 0, 3, 2880.35
1539325217, 0, 101, 401, 389, 70, 2.13%, 1, 0, 3, 2604.52
1539325222, 0, 126, 403, 390, 70, 2.15%, 1, 0, 3, 2678.83
1539325232, 0, 145, 403, 388, 68, 2.15%, 1, 0, 3, 2703.76
1539325237, 0, 146, 403, 387, 67, 2.15%, 1, 0, 3, 2631.62
1539325243, 0, 151, 403, 386, 66, 2.15%, 1, 0, 3, 2708.45
1539325248, 0, 162, 403, 385, 65, 2.15%, 1, 0, 3, 2903.66
1539325253, 0, 189, 404, 384, 63, 2.15%, 1, 0, 3, 2948.42
1539325263, 0, 190, 404, 383, 62, 2.15%, 1, 0, 3, 2689.88
1539325268, 0, 203, 405, 383, 61, 2.15%, 1, 0, 3, 2651.52
1539325273, 0, 206, 405, 382, 60, 2.15%, 1, 0, 3, 2586.38
1539325278, 0, 215, 405, 381, 59, 2.15%, 1, 0, 3, 2581.80
1539325283, 0, 225, 405, 380, 58, 2.15%, 1, 0, 3, 2478.16
1539325288, 0, 226, 405, 379, 55, 2.15%, 1, 0, 3, 2572.98
1539325293, 0, 228, 406, 379, 54, 2.15%, 1, 0, 3, 2599.59
1539325298, 0, 231, 406, 378, 53, 2.15%, 1, 0, 3, 2538.22
1539325303, 0, 238, 406, 377, 52, 2.15%, 1, 0, 3, 2748.05
1539325313, 0, 239, 406, 376, 52, 2.15%, 1, 0, 3, 2604.72
1539325318, 0, 245, 406, 375, 50, 2.15%, 1, 0, 3, 2589.85
1539325323, 0, 248, 407, 375, 49, 2.15%, 1, 0, 3, 2462.48
1539325328, 0, 251, 407, 374, 48, 2.15%, 1, 0, 3, 2533.18
1539325339, 0, 251, 415, 382, 48, 2.15%, 1, 0, 3, 2789.61
1539325344, 0, 251, 418, 385, 48, 2.15%, 1, 0, 3, 2785.30
1539325349, 0, 254, 419, 385, 51, 2.15%, 1, 0, 3, 2611.25
1539325354, 0, 257, 419, 384, 49, 2.15%, 1, 0, 3, 2599.34
1539325359, 0, 262, 419, 383, 48, 2.15%, 1, 0, 3, 2379.97
1539325369, 0, 263, 420, 383, 47, 2.15%, 1, 0, 3, 2419.57
1539325374, 0, 264, 420, 382, 46, 2.15%, 2, 0, 3, 2605.34
1539325379, 0, 269, 420, 381, 45, 2.15%, 2, 0, 3, 2865.62
1539325384, 0, 277, 420, 380, 44, 2.15%, 2, 0, 3, 2949.56
1539325390, 0, 281, 420, 379, 43, 2.15%, 2, 0, 3, 2709.84
1539325395, 0, 282, 420, 378, 42, 2.15%, 2, 0, 3, 2619.24
1539325405, 0, 285, 420, 377, 41, 2.15%, 2, 0, 3, 2641.72
1539325410, 0, 295, 420, 376, 40, 2.15%, 2, 0, 3, 2564.80
1539325415, 0, 307, 420, 375, 39, 2.15%, 2, 0, 3, 2605.90
1539325420, 0, 309, 420, 374, 38, 2.15%, 2, 0, 3, 2569.92
1539325430, 0, 311, 421, 374, 37, 2.15%, 2, 0, 3, 2597.79
1539325436, 0, 314, 422, 374, 37, 2.15%, 2, 0, 3, 2559.00
1539325446, 0, 320, 422, 373, 36, 2.15%, 2, 0, 3, 2490.29
1539325451, 0, 322, 422, 372, 35, 2.15%, 2, 0, 3, 2604.36
1539325456, 0, 325, 422, 371, 34, 2.15%, 2, 0, 3, 2524.43
1539325466, 0, 332, 422, 370, 33, 2.15%, 2, 0, 3, 2596.85
1539325471, 0, 336, 423, 370, 32, 2.16%, 2, 0, 3, 2468.04
1539325476, 0, 344, 423, 369, 32, 2.16%, 2, 0, 3, 2452.29
1539325487, 0, 350, 423, 368, 31, 2.16%, 2, 0, 3, 2442.48
1539325497, 0, 353, 423, 367, 30, 2.16%, 2, 0, 3, 2573.24
1539325502, 0, 354, 424, 367, 29, 2.16%, 2, 0, 4, 2663.08
1539325507, 0, 355, 424, 366, 28, 2.16%, 2, 0, 4, 2701.48
1539325517, 0, 360, 424, 365, 27, 2.16%, 2, 0, 4, 2635.17
1539325522, 0, 364, 424, 364, 26, 2.16%, 2, 0, 4, 2596.07
1539325527, 0, 365, 424, 363, 25, 2.16%, 2, 0, 4, 2595.21
1539325537, 0, 367, 424, 362, 24, 2.16%, 2, 0, 4, 2578.18
1539325542, 0, 369, 424, 361, 23, 2.16%, 2, 0, 4, 2645.67
1539325552, 0, 370, 425, 361, 23, 2.16%, 2, 0, 4, 2538.52
1539325557, 0, 371, 426, 361, 22, 2.16%, 3, 0, 4, 2619.17
1539325567, 0, 374, 426, 360, 21, 2.16%, 3, 0, 4, 2474.34
1539325573, 0, 380, 426, 359, 20, 2.16%, 3, 0, 4, 2537.57
1539325578, 0, 380, 427, 360, 20, 2.16%, 3, 0, 4, 2600.77
1539325583, 0, 383, 427, 359, 20, 2.16%, 3, 0, 4, 2489.36
1539325588, 0, 384, 429, 360, 19, 2.16%, 3, 0, 4, 2576.87
1539325598, 0, 384, 439, 370, 19, 2.16%, 6, 0, 4, 2708.14
1539325603, 0, 384, 441, 372, 19, 2.16%, 7, 0, 4, 2737.48
1539325608, 0, 387, 443, 373, 20, 2.16%, 7, 0, 4, 2670.09
1539325613, 0, 391, 444, 373, 20, 2.17%, 7, 0, 4, 2693.17
1539325618, 0, 393, 444, 372, 19, 2.17%, 7, 0, 4, 2764.94
1539325623, 0, 394, 445, 372, 18, 2.17%, 7, 0, 4, 2773.09
1539325628, 0, 399, 445, 371, 17, 2.17%, 7, 0, 4, 2934.74
1539325638, 0, 401, 445, 370, 15, 2.17%, 7, 0, 4, 2633.60
1539325643, 0, 402, 445, 369, 14, 2.17%, 7, 0, 4, 2560.45
1539325649, 0, 405, 447, 370, 13, 2.17%, 7, 0, 4, 2588.75
1539325659, 0, 408, 447, 369, 13, 2.17%, 7, 0, 4, 2806.58
1539325664, 0, 412, 448, 369, 12, 2.17%, 7, 0, 4, 2674.24
1539325669, 0, 412, 449, 370, 12, 2.17%, 7, 0, 4, 2594.05
1539325674, 0, 413, 449, 369, 11, 2.17%, 7, 0, 4, 2816.76
1539325679, 0, 416, 449, 368, 10, 2.17%, 7, 0, 4, 2593.91
1539325689, 0, 421, 449, 367, 9, 2.17%, 7, 0, 4, 2459.61
1539325694, 0, 422, 449, 366, 8, 2.17%, 7, 0, 4, 2440.25
1539325704, 0, 424, 449, 365, 7, 2.17%, 7, 0, 4, 2413.37
1539325709, 0, 424, 450, 366, 7, 2.17%, 7, 0, 5, 2514.90
1539325714, 0, 426, 450, 365, 6, 2.17%, 7, 0, 5, 2539.30
1539325719, 0, 435, 450, 364, 5, 2.17%, 7, 0, 5, 2539.11
