# unix_time, cycles_done, cur_path, paths_total, pending_total, pending_favs, map_size, unique_crashes, unique_hangs, max_depth, execs_per_sec
1539319084, 0, 0, 6, 6, 6, 1.19%, 0, 0, 1, 1920.00
1539319089, 0, 0, 98, 98, 6, 1.32%, 0, 0, 2, 2779.12
1539319094, 0, 0, 194, 194, 6, 1.37%, 0, 0, 2, 2909.71
1539319099, 0, 0, 210, 210, 6, 1.40%, 0, 0, 2, 3047.85
1539319104, 0, 7, 213, 212, 34, 1.41%, 0, 0, 2, 3082.63
1539319110, 0, 36, 213, 211, 33, 1.41%, 0, 0, 2, 3049.46
1539319115, 0, 42, 213, 210, 32, 1.41%, 0, 0, 2, 2938.07
1539319120, 0, 42, 219, 216, 32, 1.41%, 0, 0, 3, 2936.30
1539319125, 0, 42, 223, 220, 32, 1.41%, 0, 0, 3, 3056.06
1539319130, 0, 45, 225, 221, 32, 1.41%, 0, 0, 3, 3013.00
1539319135, 0, 57, 225, 220, 31, 1.41%, 0, 0, 3, 3042.82
1539319140, 0, 59, 226, 220, 30, 1.41%, 0, 0, 3, 3040.90
1539319145, 0, 63, 226, 219, 30, 1.41%, 0, 0, 3, 3076.37
1539319150, 0, 64, 226, 218, 29, 1.41%, 0, 0, 3, 3081.01
1539319155, 0, 78, 227, 217, 28, 1.41%, 0, 0, 3, 2967.18
1539319166, 0, 78, 242, 232, 28, 1.42%, 0, 0, 3, 2955.68
1539319171, 0, 78, 247, 237, 28, 1.42%, 0, 0, 3, 2969.13
1539319176, 0, 90, 248, 237, 31, 1.42%, 0, 0, 3, 3136.71
1539319181, 0, 100, 248, 236, 30, 1.42%, 0, 0, 3, 3110.20
1539319186, 0, 104, 249, 236, 29, 1.42%, 0, 0, 3, 3176.40
1539319191, 0, 111, 249, 235, 28, 1.42%, 0, 0, 3, 3165.58
1539319196, 0, 128, 249, 234, 27, 1.42%, 0, 0, 3, 2871.97
1539319201, 0, 130, 249, 233, 26, 1.42%, 0, 0, 3, 2903.51
1539319206, 0, 131, 249, 232, 25, 1.42%, 0, 0, 3, 2964.47
1539319216, 0, 133, 249, 231, 24, 1.42%, 0, 0, 3, 3007.12
1539319221, 0, 134, 249, 230, 23, 1.42%, 0, 0, 3, 2907.54
1539319226, 0, 134, 266, 247, 23, 1.65%, 0, 0, 3, 2897.91
1539319231, 0, 134, 270, 251, 23, 1.70%, 0, 0, 3, 2948.64
1539319236, 0, 136, 273, 253, 35, 1.71%, 0, 0, 3, 2966.03
1539319241, 0, 151, 273, 252, 34, 1.71%, 0, 0, 3, 2959.34
1539319247, 0, 157, 273, 251, 33, 1.71%, 0, 0, 3, 3003.78
1539319252, 0, 164, 273, 250, 32, 1.71%, 0, 0, 3, 2947.57
1539319262, 0, 165, 275, 251, 31, 1.71%, 0, 0, 3, 2956.83
1539319267, 0, 188, 275, 250, 30, 1.71%, 0, 0, 3, 2795.07
1539319272, 0, 188, 279, 254, 30, 1.71%, 0, 0, 3, 2778.65
1539319277, 0, 188, 281, 256, 30, 1.71%, 0, 0, 3, 2822.85
1539319282, 0, 189, 282, 256, 29, 1.71%, 0, 0, 3, 2811.08
1539319292, 0, 191, 282, 255, 28, 1.71%, 0, 0, 3, 2932.78
1539319297, 0, 194, 282, 254, 27, 1.71%, 0, 0, 3, 2828.52
1539319302, 0, 194, 283, 255, 27, 1.71%, 0, 0, 3, 2652.14
1539319307, 0, 195, 283, 254, 27, 1.71%, 0, 0, 3, 2918.63
1539319312, 0, 199, 283, 253, 26, 1.71%, 0, 0, 3, 2940.76
1539319317, 0, 208, 283, 252, 25, 1.71%, 0, 0, 3, 2730.72
1539319328, 0, 212, 285, 253, 24, 1.73%, 0, 0, 3, 2717.48
1539319333, 0, 217, 285, 252, 24, 1.73%, 0, 0, 3, 2774.16
1539319343, 0, 226, 286, 252, 23, 1.74%, 0, 0, 4, 2755.49
1539319348, 0, 226, 287, 253, 23, 1.74%, 0, 0, 4, 2682.06
1539319353, 0, 226, 298, 264, 23, 1.76%, 0, 0, 4, 2782.10
1539319358, 0, 226, 304, 270, 23, 1.78%, 0, 0, 4, 2781.02
1539319363, 0, 232, 304, 269, 32, 1.78%, 0, 0, 4, 2736.27
1539319368, 0, 234, 304, 268, 31, 1.78%, 0, 0, 4, 2771.66
1539319378, 0, 240, 311, 274, 30, 1.79%, 0, 0, 4, 2737.03
1539319383, 0, 240, 313, 276, 30, 1.80%, 0, 0, 4, 2722.33
1539319388, 0, 244, 321, 283, 36, 1.84%, 0, 0, 4, 2748.28
1539319394, 0, 244, 329, 291, 36, 1.84%, 0, 0, 4, 2808.51
1539319399, 0, 244, 339, 301, 36, 1.85%, 0, 0, 4, 2895.73
1539319404, 0, 248, 340, 301, 44, 1.85%, 0, 0, 4, 2890.59
1539319409, 0, 250, 340, 300, 43, 1.85%, 0, 0, 4, 2911.97
1539319414, 0, 250, 341, 301, 43, 1.85%, 0, 0, 4, 2770.35
1539319419, 0, 251, 342, 301, 43, 1.85%, 0, 0, 4, 2762.71
1539319424, 0, 252, 343, 301, 42, 1.89%, 0, 0, 4, 2799.89
1539319429, 0, 252, 344, 302, 42, 1.89%, 0, 0, 4, 2745.29
1539319434, 0, 252, 362, 320, 42, 1.91%, 0, 0, 4, 2700.22
1539319439, 0, 252, 367, 325, 42, 1.92%, 0, 0, 4, 2744.45
1539319444, 0, 254, 375, 332, 45, 1.92%, 0, 0, 4, 2745.01
1539319449, 0, 257, 376, 332, 45, 1.92%, 0, 0, 4, 2786.54
1539319459, 0, 260, 376, 331, 44, 1.92%, 0, 0, 4, 2793.69
1539319464, 0, 263, 377, 331, 43, 1.93%, 0, 0, 4, 2798.42
1539319474, 0, 264, 377, 330, 42, 1.93%, 0, 0, 4, 2730.58
1539319480, 0, 266, 377, 329, 41, 1.93%, 0, 0, 4, 2682.65
1539319490, 0, 267, 379, 330, 40, 1.93%, 0, 0, 4, 2638.56
1539319500, 0, 268, 380, 330, 40, 1.93%, 0, 0, 4, 2811.85
1539319505, 0, 272, 387, 336, 40, 1.93%, 0, 0, 4, 2721.94
1539319510, 0, 272, 405, 354, 40, 1.93%, 0, 0, 4, 2788.85
1539319515, 0, 272, 413, 362, 40, 1.95%, 0, 0, 4, 2880.45
1539319520, 0, 273, 416, 364, 41, 1.95%, 0, 0, 4, 2876.48
1539319530, 0, 283, 420, 367, 40, 1.95%, 0, 0, 4, 2746.04
1539319535, 0, 285, 423, 369, 45, 1.96%, 0, 0, 4, 2740.11
1539319545, 0, 285, 425, 371, 45, 1.96%, 0, 0, 5, 2720.74
1539319551, 0, 288, 426, 371, 45, 1.96%, 0, 0, 5, 2585.22
1539319561, 0, 291, 426, 370, 44, 1.96%, 0, 0, 5, 2644.42
1539319571, 0, 294, 426, 369, 43, 1.96%, 0, 0, 5, 2668.50
1539319581, 0, 296, 426, 368, 42, 1.96%, 0, 0, 5, 2870.83
1539319586, 0, 298, 426, 367, 41, 1.96%, 0, 0, 5, 2782.32
1539319596, 0, 298, 429, 370, 41, 1.96%, 0, 0, 5, 2621.58
1539319601, 0, 298, 430, 371, 41, 1.96%, 0, 0, 5, 2674.43
1539319606, 0, 298, 431, 372, 41, 1.96%, 0, 0, 5, 2738.60
1539319611, 0, 300, 432, 372, 41, 1.96%, 0, 0, 5, 2604.00
1539319622, 0, 304, 432, 371, 39, 1.96%, 0, 0, 5, 2827.98
1539319627, 0, 305, 433, 371, 37, 1.96%, 0, 0, 5, 2837.93
1539319632, 0, 305, 434, 372, 37, 1.96%, 0, 0, 5, 2811.33
1539319637, 0, 306, 435, 372, 37, 1.97%, 0, 0, 5, 2816.75
1539319642, 0, 307, 438, 374, 36, 1.97%, 0, 0, 5, 2876.27
1539319652, 0, 309, 439, 374, 36, 1.97%, 0, 0, 5, 2890.94
1539319662, 0, 311, 439, 373, 35, 1.97%, 0, 0, 5, 2833.94
1539319667, 0, 333, 441, 374, 34, 1.97%, 0, 0, 5, 2846.45
1539319672, 0, 333, 442, 375, 34, 1.97%, 0, 0, 5, 2742.73
1539319677, 0, 336, 442, 374, 34, 1.97%, 0, 0, 5, 2749.22
