# unix_time, cycles_done, cur_path, paths_total, pending_total, pending_favs, map_size, unique_crashes, unique_hangs, max_depth, execs_per_sec
1539327534, 0, 0, 6, 6, 6, 1.49%, 0, 0, 1, 2666.67
1539327540, 0, 0, 120, 120, 6, 1.88%, 5, 0, 2, 3206.59
1539327545, 0, 0, 120, 120, 6, 1.88%, 8, 0, 2, 3341.78
1539327550, 0, 18, 121, 118, 24, 1.88%, 8, 0, 2, 3268.38
1539327555, 0, 43, 121, 114, 20, 1.88%, 8, 0, 2, 3259.30
1539327560, 0, 62, 121, 110, 16, 1.88%, 9, 0, 2, 3249.15
1539327565, 0, 75, 121, 107, 13, 1.88%, 9, 0, 2, 3241.27
1539327570, 0, 78, 121, 105, 11, 1.88%, 9, 0, 2, 3191.91
1539327575, 0, 97, 121, 102, 8, 1.88%, 10, 0, 2, 3190.54
1539327580, 0, 107, 121, 100, 8, 1.88%, 10, 0, 2, 3217.84
1539327585, 0, 116, 121, 97, 5, 1.88%, 10, 0, 2, 3189.22
1539327590, 1, 64, 121, 94, 1, 1.88%, 10, 0, 2, 3245.44
1539327595, 1, 79, 121, 92, 0, 1.88%, 10, 0, 2, 3217.04
1539327600, 1, 93, 121, 89, 0, 1.88%, 10, 0, 2, 3216.41
1539327605, 1, 110, 121, 86, 0, 1.88%, 10, 0, 2, 3212.10
1539327610, 2, 17, 121, 83, 0, 1.88%, 10, 0, 2, 3239.96
1539327616, 2, 26, 121, 80, 0, 1.88%, 10, 0, 2, 3272.21
1539327621, 2, 50, 121, 75, 0, 1.88%, 10, 0, 2, 3363.62
1539327626, 2, 64, 122, 74, 0, 1.88%, 10, 0, 3, 3210.05
1539327631, 2, 76, 122, 72, 0, 1.88%, 10, 0, 3, 3243.77
1539327636, 2, 84, 122, 69, 0, 1.88%, 10, 0, 3, 3227.62
1539327641, 2, 90, 122, 67, 0, 1.88%, 10, 0, 3, 3244.68
1539327646, 2, 103, 122, 64, 0, 1.88%, 10, 0, 3, 3235.73
1539327651, 2, 113, 122, 62, 0, 1.88%, 10, 0, 3, 3198.95
1539327657, 3, 6, 122, 60, 0, 1.88%, 10, 0, 3, 3280.60
1539327662, 3, 24, 122, 57, 0, 1.88%, 10, 0, 3, 3252.57
1539327667, 3, 42, 122, 54, 0, 1.88%, 10, 0, 3, 3256.66
1539327672, 3, 61, 122, 52, 0, 1.88%, 10, 0, 3, 3297.39
1539327677, 3, 76, 122, 49, 0, 1.88%, 10, 0, 3, 3248.30
1539327682, 3, 102, 122, 48, 0, 1.88%, 10, 0, 3, 3208.08
1539327687, 4, 5, 122, 46, 0, 1.88%, 10, 0, 3, 3255.36
1539327693, 4, 28, 122, 44, 0, 1.88%, 10, 0, 3, 3240.94
1539327698, 4, 46, 122, 39, 0, 1.88%, 10, 0, 3, 3419.81
1539327703, 4, 58, 122, 36, 0, 1.88%, 10, 0, 3, 3303.03
1539327708, 4, 75, 122, 33, 0, 1.88%, 10, 0, 3, 3327.12
1539327713, 4, 109, 122, 32, 0, 1.88%, 10, 0, 3, 3282.54
1539327718, 5, 2, 122, 30, 0, 1.88%, 10, 0, 3, 3242.12
1539327723, 5, 13, 122, 27, 0, 1.88%, 10, 0, 3, 3209.74
1539327729, 5, 44, 122, 25, 0, 1.88%, 10, 0, 3, 3335.55
1539327734, 5, 62, 122, 22, 0, 1.88%, 10, 0, 3, 3255.45
1539327739, 5, 111, 122, 22, 0, 1.88%, 10, 0, 3, 3233.12
1539327744, 6, 48, 122, 19, 0, 1.88%, 10, 0, 3, 3329.85
1539327749, 6, 82, 122, 18, 0, 1.88%, 10, 0, 3, 3285.04
1539327754, 6, 95, 122, 16, 0, 1.88%, 10, 0, 3, 3235.86
1539327759, 7, 43, 122, 15, 0, 1.88%, 10, 0, 3, 3270.44
1539327764, 7, 62, 122, 13, 0, 1.88%, 10, 0, 3, 3258.18
1539327770, 8, 11, 122, 13, 0, 1.88%, 10, 0, 3, 3287.85
1539327775, 8, 68, 122, 11, 0, 1.88%, 10, 0, 3, 3301.36
1539327780, 8, 91, 122, 10, 0, 1.88%, 10, 0, 3, 3280.72
1539327785, 9, 26, 122, 8, 0, 1.88%, 10, 0, 3, 3282.53
1539327790, 9, 78, 122, 7, 0, 1.88%, 10, 0, 3, 3292.67
1539327795, 9, 105, 122, 6, 0, 1.88%, 10, 0, 3, 3229.63
1539327800, 10, 26, 122, 4, 0, 1.88%, 10, 0, 3, 3265.02
1539327805, 10, 107, 122, 4, 0, 1.88%, 10, 0, 3, 3325.49
1539327810, 11, 82, 122, 4, 0, 1.88%, 10, 0, 3, 3305.08
1539327816, 12, 48, 122, 4, 0, 1.88%, 10, 0, 3, 3332.07
1539327821, 12, 96, 122, 4, 0, 1.88%, 10, 0, 3, 3272.70
1539327826, 13, 35, 122, 2, 0, 1.88%, 10, 0, 3, 3302.28
1539327831, 13, 110, 122, 2, 0, 1.88%, 10, 0, 3, 3326.69
1539327836, 14, 94, 122, 2, 0, 1.88%, 10, 0, 3, 3333.59
1539327841, 15, 43, 122, 1, 0, 1.88%, 10, 0, 3, 3279.97
1539327846, 15, 110, 122, 1, 0, 1.88%, 10, 0, 3, 3324.10
1539327851, 16, 63, 122, 0, 0, 1.88%, 10, 0, 3, 3317.16
1539327856, 17, 35, 122, 0, 0, 1.88%, 10, 0, 3, 3305.67
1539327861, 17, 109, 122, 0, 0, 1.88%, 10, 0, 3, 3332.63
1539327866, 18, 75, 122, 0, 0, 1.88%, 10, 0, 3, 3331.30
1539327871, 19, 52, 122, 0, 0, 1.88%, 10, 0, 3, 3336.92
1539327876, 19, 118, 122, 0, 0, 1.88%, 10, 0, 3, 3339.69
1539327882, 20, 97, 122, 0, 0, 1.88%, 10, 0, 3, 3331.72
1539327887, 21, 75, 122, 0, 0, 1.88%, 10, 0, 3, 3314.76
1539327892, 22, 52, 122, 0, 0, 1.88%, 10, 0, 3, 3335.28
1539327897, 23, 26, 122, 0, 0, 1.88%, 10, 0, 3, 3338.00
1539327902, 23, 107, 122, 0, 0, 1.88%, 10, 0, 3, 3323.05
1539327907, 24, 76, 122, 0, 0, 1.88%, 10, 0, 3, 3336.81
1539327912, 25, 52, 122, 0, 0, 1.88%, 10, 0, 3, 3337.06
1539327917, 25, 120, 122, 0, 0, 1.88%, 10, 0, 3, 3340.24
1539327922, 26, 99, 122, 0, 0, 1.88%, 10, 0, 3, 3341.40
1539327927, 27, 78, 122, 0, 0, 1.88%, 10, 0, 3, 3331.74
1539327932, 28, 50, 122, 0, 0, 1.88%, 10, 0, 3, 3322.92
1539327937, 28, 118, 122, 0, 0, 1.88%, 10, 0, 3, 3333.04
1539327942, 29, 89, 122, 0, 0, 1.88%, 10, 0, 3, 3325.78
1539327948, 30, 64, 122, 0, 0, 1.88%, 10, 0, 3, 3336.26
1539327953, 31, 26, 122, 0, 0, 1.88%, 10, 0, 3, 3336.27
1539327958, 31, 101, 122, 0, 0, 1.88%, 10, 0, 3, 3335.81
1539327963, 32, 66, 122, 0, 0, 1.88%, 10, 0, 3, 3334.08
1539327968, 33, 3, 122, 0, 0, 1.88%, 10, 0, 3, 3339.60
1539327973, 33, 99, 122, 0, 0, 1.88%, 10, 0, 3, 3338.22
1539327978, 34, 68, 122, 0, 0, 1.88%, 10, 0, 3, 3335.90
1539327983, 35, 35, 122, 0, 0, 1.88%, 10, 0, 3, 3337.78
1539327988, 35, 109, 122, 0, 0, 1.88%, 10, 0, 3, 3340.42
1539327993, 36, 84, 122, 0, 0, 1.88%, 10, 0, 3, 3312.91
1539327998, 37, 62, 122, 0, 0, 1.88%, 10, 0, 3, 3316.24
1539328003, 38, 3, 122, 0, 0, 1.88%, 10, 0, 3, 3337.74
1539328008, 38, 91, 122, 0, 0, 1.88%, 10, 0, 3, 3337.07
1539328013, 39, 64, 122, 0, 0, 1.88%, 10, 0, 3, 3331.33
1539328019, 39, 120, 122, 0, 0, 1.88%, 10, 0, 3, 3331.68
1539328024, 40, 94, 122, 0, 0, 1.88%, 11, 0, 3, 3331.37
1539328029, 41, 67, 122, 0, 0, 1.88%, 11, 0, 3, 3319.00
1539328034, 41, 120, 122, 0, 0, 1.88%, 11, 0, 3, 3331.61
1539328039, 42, 94, 122, 0, 0, 1.88%, 11, 0, 3, 3184.22
1539328044, 43, 62, 122, 0, 0, 1.88%, 11, 0, 3, 3157.39
1539328049, 44, 27, 122, 0, 0, 1.88%, 11, 0, 3, 3304.73
1539328054, 44, 106, 122, 0, 0, 1.88%, 11, 0, 3, 3331.99
1539328059, 45, 78, 122, 0, 0, 1.88%, 11, 0, 3, 3334.72
1539328064, 46, 62, 122, 0, 0, 1.88%, 11, 0, 3, 3340.24
1539328070, 47, 35, 122, 0, 0, 1.88%, 11, 0, 3, 3321.08
1539328075, 47, 110, 122, 0, 0, 1.88%, 11, 0, 3, 3337.01
1539328080, 48, 84, 122, 0, 0, 1.88%, 11, 0, 3, 3333.99
1539328085, 49, 54, 122, 0, 0, 1.88%, 11, 0, 3, 3338.63
1539328090, 50, 3, 122, 0, 0, 1.88%, 11, 0, 3, 3336.81
1539328095, 50, 106, 122, 0, 0, 1.88%, 11, 0, 3, 3339.11
1539328100, 51, 78, 122, 0, 0, 1.88%, 11, 0, 3, 3341.03
1539328105, 52, 52, 122, 0, 0, 1.88%, 11, 0, 3, 3341.80
1539328110, 52, 120, 122, 0, 0, 1.88%, 11, 0, 3, 3337.27
1539328115, 53, 78, 122, 0, 0, 1.88%, 11, 0, 3, 3288.07
1539328120, 54, 54, 122, 0, 0, 1.88%, 11, 0, 3, 3319.02
1539328125, 54, 120, 122, 0, 0, 1.88%, 11, 0, 3, 2980.90
1539328131, 55, 97, 122, 0, 0, 1.88%, 11, 0, 3, 3257.19
