# unix_time, cycles_done, cur_path, paths_total, pending_total, pending_favs, map_size, unique_crashes, unique_hangs, max_depth, execs_per_sec
1539315463, 0, 0, 6, 6, 6, 1.19%, 0, 0, 1, 2086.96
1539315468, 0, 0, 111, 111, 6, 1.32%, 0, 0, 2, 2875.01
1539315473, 0, 0, 207, 207, 6, 1.36%, 0, 0, 2, 3057.33
1539315478, 0, 0, 226, 226, 6, 1.39%, 0, 0, 2, 3035.79
1539315484, 0, 27, 227, 226, 32, 1.39%, 0, 0, 2, 3028.37
1539315489, 0, 33, 227, 225, 31, 1.39%, 0, 0, 2, 3071.08
1539315494, 0, 36, 227, 224, 31, 1.39%, 0, 0, 2, 3079.25
1539315499, 0, 46, 228, 224, 30, 1.39%, 0, 0, 3, 3131.04
1539315504, 0, 46, 237, 233, 30, 1.40%, 0, 0, 3, 3142.19
1539315509, 0, 46, 240, 236, 30, 1.40%, 0, 0, 3, 3043.27
1539315514, 0, 57, 241, 236, 30, 1.41%, 0, 0, 3, 3044.22
1539315519, 0, 63, 242, 236, 29, 1.41%, 0, 0, 3, 3047.37
1539315524, 0, 64, 242, 235, 28, 1.41%, 0, 0, 3, 3053.19
1539315529, 0, 73, 242, 233, 26, 1.41%, 0, 0, 3, 3100.22
1539315534, 0, 95, 242, 232, 25, 1.41%, 0, 0, 3, 3076.43
1539315539, 0, 95, 248, 238, 25, 1.42%, 0, 0, 3, 3068.82
1539315545, 0, 95, 252, 242, 25, 1.42%, 0, 0, 3, 3158.70
1539315550, 0, 103, 252, 240, 24, 1.42%, 0, 0, 3, 3157.21
1539315555, 0, 108, 252, 239, 23, 1.42%, 0, 0, 3, 3146.62
1539315560, 0, 126, 252, 238, 22, 1.42%, 0, 0, 3, 2882.09
1539315565, 0, 126, 253, 239, 22, 1.42%, 0, 0, 3, 2902.84
1539315570, 0, 129, 253, 238, 23, 1.42%, 0, 0, 3, 3015.35
1539315575, 0, 133, 253, 236, 22, 1.42%, 0, 0, 3, 3105.87
1539315585, 0, 135, 253, 235, 21, 1.42%, 0, 0, 3, 2916.59
1539315590, 0, 136, 253, 234, 20, 1.42%, 0, 0, 3, 2916.82
1539315600, 0, 142, 254, 234, 19, 1.42%, 0, 0, 3, 2930.44
1539315605, 0, 150, 254, 233, 18, 1.42%, 0, 0, 3, 2963.23
1539315610, 0, 156, 254, 232, 17, 1.42%, 0, 0, 3, 3070.02
1539315616, 0, 157, 254, 231, 16, 1.42%, 0, 0, 3, 3018.84
1539315621, 0, 169, 254, 230, 15, 1.42%, 0, 0, 3, 3007.35
1539315631, 0, 169, 261, 237, 15, 1.42%, 0, 0, 3, 2927.53
1539315636, 0, 169, 262, 238, 15, 1.42%, 0, 0, 3, 2954.87
1539315641, 0, 188, 263, 238, 16, 1.43%, 0, 0, 3, 2897.75
1539315646, 0, 195, 264, 238, 15, 1.43%, 0, 0, 3, 2936.87
1539315651, 0, 195, 265, 239, 15, 1.43%, 0, 0, 3, 2948.94
1539315656, 0, 199, 266, 239, 14, 1.43%, 0, 0, 3, 3111.79
1539315661, 0, 202, 266, 238, 13, 1.43%, 0, 0, 3, 3068.47
1539315666, 0, 210, 267, 238, 12, 1.43%, 0, 0, 3, 2937.72
1539315672, 0, 221, 267, 237, 12, 1.43%, 0, 0, 3, 2901.23
1539315677, 0, 233, 267, 236, 11, 1.43%, 0, 0, 3, 2949.54
1539315682, 0, 235, 271, 239, 10, 1.44%, 0, 0, 4, 2997.68
1539315692, 0, 239, 272, 239, 11, 1.44%, 0, 0, 4, 2918.91
1539315697, 0, 240, 274, 240, 10, 1.44%, 0, 0, 4, 2954.21
1539315707, 0, 240, 278, 244, 10, 1.45%, 0, 0, 4, 2889.76
1539315712, 0, 240, 286, 252, 10, 1.46%, 0, 0, 4, 2929.27
1539315718, 0, 243, 286, 251, 15, 1.46%, 0, 0, 4, 2965.92
1539315723, 0, 252, 288, 252, 14, 1.65%, 0, 0, 4, 2969.23
1539315728, 0, 252, 290, 254, 14, 1.66%, 0, 0, 4, 2818.67
1539315733, 0, 252, 311, 275, 14, 1.72%, 0, 0, 4, 2916.26
1539315738, 0, 252, 322, 286, 14, 1.75%, 0, 0, 4, 2977.83
1539315743, 0, 256, 328, 291, 27, 1.75%, 0, 0, 4, 2835.18
1539315753, 0, 262, 328, 290, 27, 1.75%, 0, 0, 4, 2722.93
1539315758, 0, 263, 328, 289, 26, 1.75%, 0, 0, 4, 2775.22
1539315768, 0, 266, 328, 288, 25, 1.75%, 0, 0, 4, 2848.24
1539315773, 0, 269, 328, 287, 24, 1.75%, 0, 0, 4, 2792.61
1539315783, 0, 270, 328, 286, 23, 1.75%, 0, 0, 4, 2775.46
1539315788, 0, 270, 329, 287, 23, 1.75%, 0, 0, 5, 2850.10
1539315793, 0, 272, 329, 286, 23, 1.75%, 0, 0, 5, 2810.58
1539315799, 0, 272, 337, 294, 23, 1.77%, 0, 0, 5, 2869.56
1539315804, 0, 272, 340, 297, 23, 1.79%, 0, 0, 5, 2911.26
1539315809, 0, 273, 341, 297, 28, 1.81%, 0, 0, 5, 2865.01
1539315814, 0, 273, 344, 300, 28, 1.81%, 0, 0, 5, 2797.76
1539315819, 0, 273, 348, 304, 28, 1.84%, 0, 0, 5, 2899.29
1539315824, 0, 273, 352, 308, 28, 1.84%, 0, 0, 5, 2949.50
1539315829, 0, 275, 353, 308, 33, 1.84%, 0, 0, 5, 2898.52
1539315839, 0, 278, 353, 307, 32, 1.84%, 0, 0, 5, 2821.32
1539315844, 0, 278, 355, 309, 32, 1.84%, 0, 0, 5, 2846.66
1539315849, 0, 280, 356, 309, 31, 1.86%, 0, 0, 5, 2682.04
1539315854, 0, 281, 356, 308, 30, 1.86%, 0, 0, 5, 2665.59
1539315864, 0, 289, 358, 309, 29, 1.86%, 0, 0, 5, 2805.59
1539315874, 0, 289, 363, 314, 29, 1.87%, 0, 0, 5, 2985.42
1539315879, 0, 289, 368, 319, 29, 1.87%, 0, 0, 5, 2956.40
1539315885, 0, 291, 372, 322, 30, 1.87%, 0, 0, 5, 3011.23
1539315890, 0, 291, 381, 331, 30, 1.88%, 0, 0, 5, 3038.87
1539315895, 0, 291, 386, 336, 30, 1.88%, 0, 0, 5, 2994.03
1539315900, 0, 292, 391, 340, 34, 1.88%, 0, 0, 5, 2924.82
1539315905, 0, 292, 392, 341, 34, 1.88%, 0, 0, 5, 2977.26
1539315910, 0, 297, 393, 341, 36, 1.88%, 0, 0, 5, 2814.68
1539315915, 0, 300, 396, 343, 37, 1.90%, 0, 0, 5, 2894.58
1539315925, 0, 300, 400, 347, 37, 1.96%, 0, 0, 5, 2996.06
1539315930, 0, 300, 404, 351, 37, 1.97%, 0, 0, 5, 3016.89
1539315935, 0, 305, 404, 350, 40, 1.97%, 0, 0, 5, 3027.49
1539315941, 0, 308, 404, 349, 39, 1.97%, 0, 0, 5, 3019.08
1539315951, 0, 317, 405, 349, 38, 1.97%, 0, 0, 5, 2815.19
1539315961, 0, 317, 419, 363, 38, 1.97%, 0, 0, 5, 2885.92
1539315966, 0, 317, 423, 367, 38, 1.98%, 0, 0, 5, 2923.24
1539315971, 0, 318, 428, 371, 43, 1.98%, 0, 0, 5, 2928.91
1539315976, 0, 325, 429, 371, 43, 1.98%, 0, 0, 5, 2853.82
1539315986, 0, 327, 429, 370, 42, 1.98%, 0, 0, 5, 2802.35
1539315997, 0, 328, 429, 369, 41, 1.98%, 0, 0, 5, 2818.25
1539316002, 0, 329, 429, 368, 40, 1.98%, 0, 0, 5, 2822.40
1539316012, 0, 332, 429, 367, 39, 1.98%, 0, 0, 5, 2867.07
1539316022, 0, 336, 429, 366, 38, 1.98%, 0, 0, 5, 2758.02
1539316027, 0, 337, 429, 365, 37, 1.98%, 0, 0, 5, 2757.62
1539316037, 0, 338, 429, 364, 36, 1.98%, 0, 0, 5, 2891.07
1539316042, 0, 341, 429, 363, 35, 1.98%, 0, 0, 5, 2904.79
1539316053, 0, 342, 429, 362, 34, 1.98%, 0, 0, 5, 2983.12
1539316063, 0, 343, 429, 361, 33, 1.98%, 0, 0, 5, 2965.78
