# unix_time, cycles_done, cur_path, paths_total, pending_total, pending_favs, map_size, unique_crashes, unique_hangs, max_depth, execs_per_sec
1539329947, 0, 0, 6, 6, 6, 1.19%, 0, 0, 1, 2823.53
1539329952, 0, 0, 141, 141, 6, 1.34%, 0, 0, 2, 3167.43
1539329957, 0, 0, 203, 203, 6, 1.36%, 0, 0, 2, 3256.32
1539329962, 0, 17, 215, 214, 34, 1.40%, 0, 0, 2, 3276.91
1539329968, 0, 17, 217, 216, 34, 1.40%, 0, 0, 3, 3291.33
1539329973, 0, 17, 227, 226, 34, 1.40%, 0, 0, 3, 3297.53
1539329978, 0, 27, 232, 230, 33, 1.40%, 0, 0, 3, 3268.04
1539329983, 0, 45, 232, 229, 32, 1.40%, 0, 0, 3, 3213.04
1539329988, 0, 54, 232, 228, 31, 1.40%, 0, 0, 3, 3260.68
1539329993, 0, 57, 232, 227, 30, 1.40%, 0, 0, 3, 3290.07
1539329998, 0, 87, 232, 225, 28, 1.40%, 0, 0, 3, 3340.59
1539330003, 0, 97, 232, 224, 27, 1.40%, 0, 0, 3, 3146.34
1539330008, 0, 101, 232, 223, 26, 1.40%, 0, 0, 3, 3204.61
1539330014, 0, 109, 232, 222, 25, 1.40%, 0, 0, 3, 3277.78
1539330019, 0, 109, 236, 226, 25, 1.40%, 0, 0, 3, 3261.21
1539330024, 0, 109, 243, 233, 25, 1.40%, 0, 0, 3, 3255.47
1539330029, 0, 113, 245, 234, 25, 1.40%, 0, 0, 3, 3267.83
1539330034, 0, 124, 245, 233, 24, 1.40%, 0, 0, 3, 3273.31
1539330039, 0, 124, 251, 239, 24, 1.44%, 0, 0, 3, 3273.22
1539330044, 0, 124, 257, 245, 24, 1.45%, 0, 0, 3, 3288.82
1539330049, 0, 130, 257, 244, 26, 1.45%, 0, 0, 3, 3097.26
1539330054, 0, 130, 262, 249, 26, 1.46%, 0, 0, 3, 3062.26
1539330059, 0, 130, 275, 262, 26, 1.48%, 0, 0, 3, 3093.24
1539330064, 0, 136, 278, 264, 33, 1.50%, 0, 0, 3, 3197.13
1539330069, 0, 137, 278, 263, 32, 1.50%, 0, 0, 3, 3106.42
1539330075, 0, 141, 278, 262, 31, 1.50%, 0, 0, 3, 3017.99
1539330085, 0, 144, 278, 261, 30, 1.50%, 0, 0, 3, 3240.29
1539330090, 0, 154, 278, 259, 28, 1.50%, 0, 0, 3, 3340.66
1539330095, 0, 163, 278, 258, 27, 1.50%, 0, 0, 3, 3314.67
1539330100, 0, 165, 279, 258, 27, 1.50%, 0, 0, 3, 3271.08
1539330105, 0, 167, 279, 257, 26, 1.50%, 0, 0, 3, 3155.23
1539330110, 0, 168, 280, 257, 25, 1.50%, 0, 0, 3, 3150.13
1539330115, 0, 174, 280, 256, 24, 1.50%, 0, 0, 3, 3126.24
1539330126, 0, 180, 280, 255, 23, 1.50%, 0, 0, 3, 3012.17
1539330131, 0, 182, 280, 254, 22, 1.50%, 0, 0, 3, 3128.75
1539330136, 0, 200, 280, 253, 21, 1.50%, 0, 0, 3, 3177.51
1539330141, 0, 203, 281, 253, 20, 1.50%, 0, 0, 3, 3122.20
1539330146, 0, 203, 288, 260, 20, 1.67%, 0, 0, 3, 3144.98
1539330151, 0, 203, 300, 272, 20, 1.71%, 0, 0, 3, 3181.05
1539330156, 0, 207, 304, 275, 33, 1.75%, 0, 0, 3, 3177.77
1539330162, 0, 223, 304, 274, 32, 1.75%, 0, 0, 3, 3151.67
1539330167, 0, 231, 304, 273, 31, 1.75%, 0, 0, 3, 3073.66
1539330172, 0, 232, 304, 272, 30, 1.75%, 0, 0, 3, 3059.27
1539330182, 0, 242, 304, 271, 30, 1.75%, 0, 0, 3, 3115.42
1539330187, 0, 245, 315, 281, 29, 1.77%, 0, 0, 4, 3121.64
1539330192, 0, 247, 317, 282, 35, 1.77%, 0, 0, 4, 3116.28
1539330197, 0, 247, 318, 283, 35, 1.77%, 0, 0, 4, 3100.74
1539330202, 0, 253, 318, 282, 36, 1.77%, 0, 0, 4, 3164.76
1539330207, 0, 255, 319, 282, 35, 1.77%, 0, 0, 4, 2886.42
1539330212, 0, 259, 321, 283, 36, 1.78%, 0, 0, 4, 2901.39
1539330222, 0, 259, 336, 298, 36, 1.80%, 0, 0, 4, 3004.30
1539330228, 0, 259, 340, 302, 36, 1.80%, 0, 0, 4, 3039.61
1539330233, 0, 269, 342, 303, 42, 1.80%, 0, 0, 4, 3036.81
1539330243, 0, 270, 342, 302, 41, 1.80%, 0, 0, 4, 2922.51
1539330253, 0, 273, 343, 302, 41, 1.81%, 0, 0, 4, 2899.15
1539330258, 0, 275, 343, 301, 40, 1.81%, 0, 0, 4, 2922.99
1539330269, 0, 277, 352, 309, 38, 1.84%, 0, 0, 4, 3074.71
1539330274, 0, 277, 364, 321, 38, 1.84%, 0, 0, 4, 3108.00
1539330279, 0, 277, 369, 326, 38, 1.84%, 0, 0, 4, 3105.81
1539330284, 0, 278, 370, 326, 38, 1.84%, 0, 0, 4, 3190.85
1539330289, 0, 282, 370, 325, 37, 1.84%, 0, 0, 4, 3142.98
1539330294, 0, 282, 372, 327, 37, 1.86%, 0, 0, 4, 3066.62
1539330299, 0, 282, 376, 331, 37, 1.86%, 0, 0, 4, 3031.79
1539330304, 0, 282, 379, 334, 37, 1.88%, 0, 0, 4, 3100.63
1539330309, 0, 283, 379, 333, 36, 1.88%, 0, 0, 4, 3068.09
1539330314, 0, 287, 380, 333, 35, 1.88%, 0, 0, 4, 2952.17
1539330319, 0, 288, 380, 332, 34, 1.88%, 0, 0, 4, 2944.26
1539330330, 0, 291, 382, 333, 33, 1.88%, 0, 0, 4, 2930.76
1539330335, 0, 291, 393, 344, 33, 1.89%, 0, 0, 4, 2992.69
1539330340, 0, 291, 402, 353, 33, 1.89%, 0, 0, 4, 3135.78
1539330345, 0, 301, 405, 355, 33, 1.90%, 0, 0, 4, 3115.01
1539330350, 0, 302, 406, 355, 32, 1.90%, 0, 0, 4, 3113.44
1539330355, 0, 303, 407, 355, 32, 1.90%, 0, 0, 4, 3178.01
1539330365, 0, 304, 408, 355, 32, 1.90%, 0, 0, 4, 3159.38
1539330371, 0, 306, 408, 354, 31, 1.90%, 0, 0, 4, 3049.67
1539330376, 0, 306, 413, 359, 31, 1.90%, 0, 0, 5, 3159.20
1539330381, 0, 306, 415, 361, 31, 1.90%, 0, 0, 5, 3198.11
1539330386, 0, 307, 417, 362, 32, 1.91%, 0, 0, 5, 3113.20
1539330391, 0, 307, 427, 372, 32, 1.92%, 0, 0, 5, 3049.21
1539330396, 0, 310, 429, 373, 38, 1.92%, 0, 0, 5, 3106.04
1539330401, 0, 311, 431, 374, 38, 1.92%, 0, 0, 5, 3126.65
1539330406, 0, 311, 432, 375, 38, 1.92%, 0, 0, 5, 3149.01
1539330412, 0, 314, 432, 374, 38, 1.92%, 0, 0, 5, 3129.99
1539330417, 0, 315, 432, 373, 37, 1.92%, 0, 0, 5, 3134.27
1539330422, 0, 317, 433, 373, 36, 1.92%, 0, 0, 5, 3130.17
1539330432, 0, 318, 433, 372, 35, 1.92%, 0, 0, 5, 2929.37
1539330437, 0, 319, 433, 371, 34, 1.92%, 0, 0, 5, 2903.77
1539330447, 0, 325, 433, 370, 33, 1.92%, 0, 0, 5, 2945.63
1539330458, 0, 326, 435, 371, 32, 1.92%, 0, 0, 5, 2952.81
1539330468, 0, 329, 437, 372, 31, 1.92%, 0, 0, 5, 2988.28
1539330478, 0, 331, 438, 372, 30, 1.92%, 0, 0, 5, 3100.21
1539330483, 0, 332, 438, 371, 29, 1.92%, 0, 0, 5, 3056.87
1539330488, 0, 332, 440, 373, 29, 1.92%, 0, 0, 5, 2991.94
1539330493, 0, 333, 440, 372, 28, 1.92%, 0, 0, 5, 3048.75
1539330498, 0, 339, 441, 372, 27, 1.92%, 0, 0, 5, 3048.89
1539330509, 0, 341, 441, 371, 26, 1.92%, 0, 0, 5, 2934.47
1539330519, 0, 342, 441, 370, 25, 1.92%, 0, 0, 5, 3034.70
1539330524, 0, 344, 441, 369, 24, 1.92%, 0, 0, 5, 3061.46
1539330529, 0, 344, 442, 370, 24, 1.92%, 0, 0, 5, 3097.08
1539330534, 0, 348, 443, 370, 23, 1.92%, 0, 0, 5, 2927.40
1539330539, 0, 356, 443, 369, 22, 1.92%, 0, 0, 5, 2894.42
