# unix_time, cycles_done, cur_path, paths_total, pending_total, pending_favs, map_size, unique_crashes, unique_hangs, max_depth, execs_per_sec
1539302184, 0, 0, 6, 6, 6, 1.49%, 0, 0, 1, 2400.00
1539302189, 0, 0, 121, 121, 6, 1.88%, 4, 0, 2, 2842.58
1539302194, 0, 0, 123, 123, 6, 1.88%, 7, 0, 2, 2951.19
1539302199, 0, 10, 124, 122, 24, 1.88%, 7, 0, 2, 2872.48
1539302204, 0, 19, 124, 119, 21, 1.88%, 7, 0, 2, 2857.59
1539302210, 0, 36, 124, 116, 18, 1.88%, 7, 0, 2, 2866.56
1539302215, 0, 62, 124, 113, 15, 1.88%, 7, 0, 2, 2856.20
1539302220, 0, 73, 124, 110, 12, 1.88%, 8, 0, 2, 2870.26
1539302225, 0, 80, 124, 108, 10, 1.88%, 8, 0, 2, 2848.70
1539302230, 0, 85, 124, 106, 8, 1.88%, 8, 0, 2, 2828.62
1539302235, 0, 103, 124, 103, 6, 1.88%, 8, 0, 2, 2769.06
1539302240, 0, 111, 124, 101, 4, 1.88%, 8, 0, 2, 2775.72
1539302245, 0, 121, 124, 98, 1, 1.88%, 8, 0, 2, 2859.12
1539302250, 1, 9, 124, 95, 0, 1.88%, 8, 0, 2, 2918.48
1539302255, 1, 38, 124, 92, 0, 1.88%, 8, 0, 2, 2896.08
1539302260, 1, 52, 124, 89, 0, 1.88%, 8, 0, 2, 2901.44
1539302265, 1, 58, 124, 86, 0, 1.88%, 8, 0, 2, 2973.47
1539302271, 1, 64, 124, 84, 0, 1.88%, 8, 0, 2, 2770.99
1539302276, 1, 76, 124, 81, 0, 1.88%, 8, 0, 2, 2847.05
1539302281, 1, 84, 124, 78, 0, 1.88%, 8, 0, 2, 2863.84
1539302286, 1, 109, 124, 75, 0, 1.88%, 8, 0, 2, 2839.87
1539302291, 1, 113, 124, 73, 0, 1.88%, 8, 0, 2, 2704.72
1539302296, 2, 8, 124, 71, 0, 1.88%, 8, 0, 2, 2782.50
1539302301, 2, 14, 124, 68, 0, 1.88%, 8, 0, 2, 2849.65
1539302306, 2, 22, 124, 66, 0, 1.88%, 9, 0, 2, 2858.48
1539302312, 2, 51, 124, 62, 0, 1.88%, 9, 0, 2, 2875.07
1539302317, 2, 60, 124, 60, 0, 1.88%, 9, 0, 2, 2879.04
1539302322, 2, 94, 124, 58, 0, 1.88%, 9, 0, 2, 2998.07
1539302327, 2, 98, 124, 55, 0, 1.88%, 9, 0, 2, 2913.36
1539302332, 2, 118, 124, 54, 0, 1.88%, 9, 0, 2, 2865.37
1539302337, 3, 1, 124, 52, 0, 1.88%, 9, 0, 2, 2837.32
1539302343, 3, 21, 124, 50, 0, 1.88%, 9, 0, 2, 2877.51
1539302348, 3, 65, 124, 47, 0, 1.88%, 9, 0, 2, 2962.68
1539302353, 3, 70, 124, 45, 0, 1.88%, 9, 0, 2, 2863.02
1539302358, 3, 76, 124, 42, 0, 1.88%, 9, 0, 2, 2890.80
1539302363, 3, 89, 124, 40, 0, 1.88%, 9, 0, 2, 2938.62
1539302368, 3, 95, 124, 38, 0, 1.88%, 10, 0, 2, 2880.61
1539302374, 3, 116, 124, 37, 0, 1.88%, 10, 0, 2, 2886.90
1539302379, 4, 54, 124, 34, 0, 1.88%, 10, 0, 2, 2982.14
1539302384, 4, 72, 124, 32, 0, 1.88%, 10, 0, 2, 2919.90
1539302389, 4, 108, 124, 31, 0, 1.88%, 10, 0, 2, 2902.05
1539302394, 4, 119, 124, 29, 0, 1.88%, 10, 0, 2, 2884.93
1539302399, 5, 28, 124, 28, 0, 1.88%, 10, 0, 2, 2878.93
1539302404, 5, 77, 124, 25, 0, 1.88%, 10, 0, 2, 2930.62
1539302410, 5, 101, 124, 24, 0, 1.88%, 10, 0, 2, 2909.33
1539302415, 5, 113, 124, 21, 0, 1.88%, 10, 0, 2, 2903.01
1539302420, 6, 10, 124, 19, 0, 1.88%, 10, 0, 2, 2886.78
1539302425, 6, 30, 124, 17, 0, 1.88%, 10, 0, 2, 2872.44
1539302430, 6, 49, 124, 15, 0, 1.88%, 10, 0, 2, 2855.05
1539302435, 6, 92, 124, 14, 0, 1.88%, 10, 0, 2, 2902.27
1539302440, 7, 39, 124, 13, 0, 1.88%, 10, 0, 2, 2941.43
1539302445, 7, 90, 124, 12, 0, 1.88%, 10, 0, 2, 2958.80
1539302451, 7, 120, 124, 11, 0, 1.88%, 10, 0, 2, 2924.91
1539302456, 8, 41, 124, 9, 0, 1.88%, 10, 0, 2, 2977.11
1539302461, 8, 111, 124, 8, 0, 1.88%, 10, 0, 2, 2976.88
1539302466, 9, 80, 124, 8, 0, 1.88%, 10, 0, 2, 2966.39
1539302471, 9, 118, 124, 7, 0, 1.88%, 10, 0, 2, 2921.20
1539302476, 10, 82, 124, 7, 0, 1.88%, 10, 0, 2, 2912.79
1539302482, 10, 111, 124, 5, 0, 1.88%, 10, 0, 2, 2909.09
1539302487, 11, 23, 124, 4, 0, 1.88%, 10, 0, 2, 2901.26
1539302492, 11, 97, 124, 3, 0, 1.88%, 10, 0, 2, 2972.87
1539302497, 12, 66, 124, 3, 0, 1.88%, 10, 0, 2, 2969.93
1539302502, 12, 121, 124, 3, 0, 1.88%, 10, 0, 2, 2969.45
1539302507, 13, 99, 124, 3, 0, 1.88%, 10, 0, 2, 2960.25
1539302513, 14, 73, 124, 3, 0, 1.88%, 10, 0, 2, 2972.27
1539302518, 15, 23, 124, 3, 0, 1.88%, 10, 0, 2, 2968.29
1539302523, 15, 97, 124, 2, 0, 1.88%, 10, 0, 2, 2960.13
1539302528, 16, 23, 124, 1, 0, 1.88%, 10, 0, 2, 2930.44
1539302533, 16, 91, 124, 1, 0, 1.88%, 10, 0, 2, 2909.27
1539302538, 17, 65, 124, 0, 0, 1.88%, 10, 0, 2, 2950.58
1539302544, 18, 7, 124, 0, 0, 1.88%, 10, 0, 2, 2961.59
1539302549, 18, 103, 124, 0, 0, 1.88%, 10, 0, 2, 2964.40
1539302554, 19, 76, 124, 0, 0, 1.88%, 10, 0, 2, 2976.39
1539302559, 20, 23, 124, 0, 0, 1.88%, 10, 0, 2, 2961.44
1539302564, 20, 113, 124, 0, 0, 1.88%, 10, 0, 2, 2964.08
1539302569, 21, 76, 124, 0, 0, 1.88%, 10, 0, 2, 2976.03
1539302574, 22, 63, 124, 0, 0, 1.88%, 10, 0, 2, 2974.17
1539302580, 23, 10, 124, 0, 0, 1.88%, 10, 0, 2, 2975.12
1539302585, 23, 113, 124, 0, 0, 1.88%, 10, 0, 2, 2960.68
1539302590, 24, 90, 124, 0, 0, 1.88%, 10, 0, 2, 2963.57
1539302595, 25, 63, 124, 0, 0, 1.88%, 10, 0, 2, 2959.68
1539302600, 26, 10, 124, 0, 0, 1.88%, 10, 0, 2, 2948.43
1539302605, 26, 99, 125, 1, 0, 1.88%, 10, 0, 3, 2958.06
1539302611, 27, 81, 125, 1, 0, 1.88%, 10, 0, 3, 2965.32
1539302616, 28, 62, 125, 1, 0, 1.88%, 10, 0, 3, 2957.25
1539302621, 28, 120, 125, 1, 0, 1.88%, 10, 0, 3, 2957.14
1539302626, 29, 46, 125, 0, 0, 1.88%, 10, 0, 3, 2946.47
1539302631, 29, 121, 125, 0, 0, 1.88%, 10, 0, 3, 2953.98
1539302636, 30, 98, 125, 0, 0, 1.88%, 10, 0, 3, 2954.25
1539302641, 31, 69, 125, 0, 0, 1.88%, 10, 0, 3, 2965.53
1539302647, 32, 22, 125, 0, 0, 1.88%, 10, 0, 3, 2958.87
1539302652, 32, 103, 125, 0, 0, 1.88%, 10, 0, 3, 2967.19
1539302657, 33, 73, 125, 0, 0, 1.88%, 10, 0, 3, 2959.79
1539302662, 34, 46, 125, 0, 0, 1.88%, 10, 0, 3, 2964.77
1539302667, 34, 113, 125, 0, 0, 1.88%, 10, 0, 3, 2966.73
1539302672, 35, 73, 125, 0, 0, 1.88%, 10, 0, 3, 2965.80
1539302678, 36, 32, 125, 0, 0, 1.88%, 10, 0, 3, 2969.47
1539302683, 36, 111, 125, 0, 0, 1.88%, 10, 0, 3, 2959.66
1539302688, 37, 81, 125, 0, 0, 1.88%, 10, 0, 3, 2950.26
1539302693, 38, 62, 125, 0, 0, 1.88%, 10, 0, 3, 2963.43
1539302698, 38, 120, 125, 0, 0, 1.88%, 10, 0, 3, 2960.44
1539302703, 39, 98, 125, 0, 0, 1.88%, 10, 0, 3, 2958.39
1539302708, 40, 73, 125, 0, 0, 1.88%, 10, 0, 3, 2956.11
1539302714, 41, 7, 125, 0, 0, 1.88%, 10, 0, 3, 2958.18
1539302719, 41, 81, 125, 0, 0, 1.88%, 10, 0, 3, 2957.67
1539302724, 42, 63, 125, 0, 0, 1.88%, 10, 0, 3, 2972.39
1539302729, 43, 14, 125, 0, 0, 1.88%, 10, 0, 3, 2960.74
1539302734, 43, 109, 125, 0, 0, 1.88%, 10, 0, 3, 2953.20
1539302739, 44, 70, 125, 0, 0, 1.88%, 10, 0, 3, 2952.52
1539302745, 45, 4, 125, 0, 0, 1.88%, 10, 0, 3, 2965.02
1539302750, 45, 85, 125, 0, 0, 1.88%, 10, 0, 3, 2943.88
1539302755, 46, 62, 125, 0, 0, 1.88%, 10, 0, 3, 2953.67
1539302760, 46, 121, 125, 0, 0, 1.88%, 10, 0, 3, 2963.15
1539302765, 47, 99, 125, 0, 0, 1.88%, 10, 0, 3, 2970.50
1539302770, 48, 62, 125, 0, 0, 1.88%, 10, 0, 3, 2974.27
1539302776, 49, 3, 125, 0, 0, 1.88%, 10, 0, 3, 2965.29
1539302781, 49, 111, 125, 0, 0, 1.88%, 10, 0, 3, 2959.65
